9706
9722
9731
9743
9771
9783
9791
9796
9826
9833
9843
9868
9876
9886
9908
9924
9936
9940
9952
9969
9992
9997
10012
10034
10042
10052
10073
10082
10107
10113
10127
10143
10146
10160
10184
10199
10215
10221
10238
10257
10261
10281
10289
10313
10319
10345
10343
10369
10381
10388
10407
10423
10443
10441
10468
10471
10494
10501
10516
10527
10547
10567
10576
10595
10595
10626
10628
10640
10652
10677
10694
10709
10723
10733
10748
10756
10763
10791
10801
10819
10819
10840
10862
10875
10886
10906
10906
10921
10942
10946
10965
10973
11003
11014
11014
11032
11057
11065
11087
11085
11107
11116
11127
11148
11165
11179
11182
11212
11226
11235
11242
11266
11266
11282
11296
11317
11325
11350
11366
11365
11394
11406
11412
11421
11436
11448
11467
11492
11503
11514
11529
11543
11546
11574
11577
11590
11604
11622
11647
11649
11660
11679
11695
11702
11717
11746
11746
11773
11779
11796
11807
11826
11832
11848
11858
11886
11891
11898
11916
11933
11939
11960
11971
11998
12010
12010
12036
12054
12064
12077
12078
12107
12123
12124
12138
12153
12163
12193
12192
12213
12223
12234
12255
12268
12282
12289
12311
12322
12341
12349
12360
12379
12401
12400
12421
12446
12442
12458
12485
12487
12511
12521
12532
12540
12570
12584
12586
12604
12625
12640
12651
12655
12670
12685
12704
12716
12722
12751
12758
12776
12788
12806
12819
12829
12840
12857
12876
12883
12908
12919
12927
12939
12960
12976
12978
12991
13008
13018
13039
13052
13061
13083
13102
13116
13119
13138
13146
13173
13176
13199
13213
13230
13229
13250
13257
13276
13285
13312
13320
13329
13346
13362
13375
13383
13408
13411
13424
13438
13455
13470
13491
13505
13514
13535
13542
13564
13579
13576
13599
13607
13629
13639
13657
13675
13682
13690
13706
13734
13747
13753
13766
13779
13786
13807
13823
13837
13846
13860
13874
13899
13905
13916
13944
13942
13959
13970
13991
14006
14015
14036
14053
14070
14084
14092
14095
14119
14126
14147
14156
14176
14188
14192
14218
14226
14237
14263
14266
14293
14302
14313
14330
14345
14364
14373
14390
14403
14413
14425
14431
14460
14461
14480
14495
14516
14518
14530
14542
14574
14588
14586
14601
14628
14634
14655
14668
14669
14682
14708
14722
14741
14747
14760
14766
14791
14794
14810
14827
14852
14863
14865
14887
14898
14923
14928
14943
14960
14966
14989
14999
15007
15036
15033
15052
15066
15082
15096
15113
15128
15143
15158
15171
15174
15188
15200
15222
15237
15256
15272
15271
15285
15303
15326
15340
15341
15359
15382
15397
15402
15426
15438
15445
15459
15481
15495
15508
15510
15538
15545
15559
15568
15593
15606
15608
15630
15646
15648
15667
15688
15694
15719
15720
15745
15763
15771
15777
15802
15810
15825
15843
15846
15875
15886
15896
15905
15924
15938
15943
15973
15982
15997
16016
16027
16030
16048
16072
16069
16083
16103
16124
16141
16148
16153
16184
16184
16195
16212
16228
16253
16251
16264
16288
16294
16310
16329
16334
16358
16374
16394
16399
16404
16435
16433
16463
16471
16474
16503
16510
16524
16545
16551
16560
16589
16588
16615
16627
16646
16649
16670
16673
16684
16698
16721
16733
16752
16756
16782
16790
16811
16816
16825
16844
16858
16882
16889
16897
16915
16937
16946
16953
16973
16987
17001
17016
17033
17048
17062
17073
17077
17107
17117
17134
17136
17154
17162
17181
17199
17215
17225
17244
17254
17275
17284
17289
17306
17314
17340
17345
17360
17385
17399
17416
17415
17442
17450
17465
17473
17490
17500
17519
17525
17555
17570
17578
17584
17595
17614
17625
17642
17665
17680
17679
17700
17714
17726
17735
17760
17774
17790
17808
17804
17835
17848
17857
17876
17889
17897
17918
17933
17938
17949
17963
17988
17996
18017
18032
18035
18049
18066
18080
18085
18101
18114
18132
18153
18171
18172
18198
18208
18210
18238
18244
18268
18283
18283
18301
18319
18325
18344
18352
18370
18394
18403
18413
18420
18444
18460
18472
18481
18497
18515
18535
18545
18560
18572
18588
18597
18617
18628
18641
18649
18661
18672
18697
18709
18730
18734
18743
18766
18784
18785
18811
18821
18832
18847
18869
18877
18891
18909
18926
18941
18946
18958
18976
18996
19005
19018
19025
19037
19052
19065
19090
19092
19113
19122
19145
19149
19170
19191
19207
19214
19229
19250
19247
19265
19285
19297
19304
19322
19334
19351
19376
19385
19399
19414
19429
19441
19449
19468
19476
19486
19504
19526
19526
19552
19565
19572
19583
19610
19620
19641
19647
19653
19667
19682
19703
19720
19737
19739
19760
19770
19795
19807
19824
19826
19837
19856
19865
19881
19894
19911
19925
19940
19961
19961
19983
20000
20007
20033
20034
20062
20072
20078
20092
20109
20119
20131
20143
20173
20186
20187
20207
20212
20237
20250
20264
20281
20291
20305
20325
20337
20352
20370
20366
20385
20409
20425
20432
20446
20459
20467
20491
20503
20524
20527
20549
20566
20565
20583
20607
20619
20618
20644
20662
20661
20692
20693
20717
20725
20739
20751
20767
20784
20792
20804
20824
20845
20842
20870
20872
20902
20907
20923
20935
20951
20971
20978
20999
20997
21010
21028
21040
21066
21083
21083
21097
21123
21140
21139
21163
21176
21180
21197
21216
21220
21252
21253
21268
21278
21303
21321
21328
21341
21359
21374
21376
21401
21419
21422
21441
21453
21467
21480
21503
21515
21519
21541
21560
21567
21581
21587
21606
21614
21626
21657
21656
21683
21686
21702
21726
21742
21740
21763
21784
21793
21797
21812
21827
21839
21851
21864
21881
21896
21911
21938
21944
21965
21975
21979
21999
22006
22023
22045
22053
22072
22075
22102
22111
22118
22143
22152
22160
22176
22192
22203
22227
22239
22250
22257
22279
22298
22314
22317
22330
22345
22363
22373
22383
22405
22422
22424
22445
22461
22475
22489
22499
22517
22539
22542
22551
22578
22580
22594
22612
22638
22646
22664
22670
22688
22699
22719
22726
22741
22750
22764
22787
22794
22816
22834
22848
22845
22867
22878
22902
22900
22925
22941
22958
22970
22980
22985
23003
23022
23037
23047
23061
23083
23082
23112
23111
23139
23152
23167
23183
23183
23207
23209
23223
23248
23258
23268
23295
23292
23312
23323
23351
23351
23377
23394
23395
23404
23425
23441
23454
23471
23483
23497
23510
23517
23547
23555
23567
23582
23596
23603
23615
23645
23658
23669
23682
23697
23714
23716
23729
23749
23765
23780
23794
23808
23810
23830
23856
23862
23873
23895
23908
23921
23924
23940
23955
23980
23987
24000
24022
24038
24050
24062
24079
24083
24104
24114
24126
24145
24159
24170
24190
24190
24214
24227
24233
24245
24259
24283
24298
24310
24330
24337
24358
24365
24371
24397
24402
24428
24438
24449
24468
24471
24494
24509
24512
24541
24547
24553
24580
24586
24600
24618
24627
24638
24658
24673
24695
24699
24722
24731
24748
24755
24772
24790
24807
24812
24818
24840
24861
24867
24891
24902
24911
24924
24932
24950
24961
24981
24990
25004
25030
25045
25056
25062
25077
25093
25116
25129
25142
25140
25156
25175
25191
25207
25219
25230
25255
25255
25269
25296
25296
25318
25326
25345
25362
25371
25394
25395
25407
25436
25443
25465
25478
25479
25492
25516
25529
25544
25555
25562
25574
25605
25606
25619
25633
25659
25673
25672
25691
25701
25723
25743
25749
25771
25771
25793
25811
25817
25840
25842
25855
25879
25888
25905
25919
25933
25951
25955
25966
25990
25995
26009
26033
26041
26050
26072
26087
26098
26107
26131
26137
26157
26172
26184
26196
26216
26221
26248
26248
26277
26276
26292
26305
26328
26333
26359
26369
26390
26401
26418
26428
26443
26444
26469
26487
26488
26510
26516
26538
26556
26556
26585
26590
26611
26611
26631
26648
26662
26678
26681
26703
26726
26731
26738
26753
26766
26795
26804
26812
26829
26851
26856
26873
26884
26899
26905
26920
26932
26960
26966
26986
27002
27019
27029
27041
27062
27067
27083
27090
27108
27116
27135
27150
27169
27179
27185
27207
27228
27230
27245
27264
27275
27297
27298
27320
27330
27345
27355
27384
27380
27395
27421
27435
27453
27452
27472
27478
27497
27516
27526
27549
27563
27574
27588
27597
27616
27629
27639
27653
27660
27691
27695
27703
27717
27734
27747
27776
27779
27789
27802
27815
27832
27852
27863
27876
27887
27900
27917
27937
27940
27957
27969
27993
28007
28025
28034
28044
28062
28068
28090
28097
28124
28129
28148
28166
28172
28189
28204
28211
28233
28250
28258
28278
28293
28291
28321
28324
28339
28355
28369
28375
28400
28418
28433
28434
28447
28464
28490
28497
28517
28524
28543
28546
28565
28586
28589
28600
28621
28642
28648
28660
28677
28682
28697
28720
28730
28741
28752
28773
28789
28798
28810
28827
28845
28854
28866
28887
28892
28915
28931
28935
28950
28978
28985
28999
29012
29033
29049
29062
29073
29080
29102
29107
29120
29144
29144
29172
29181
29191
29215
29219
29237
29260
29267
29278
29295
29311
29321
29340
29355
29355
29372
29394
29405
29420
29429
29454
29468
29471
29485
29511
29513
29537
29541
29563
29576
29580
29609
29616
29638
29635
29648
29680
29688
29692
29716
29722
29742
29751
29774
29776
29800
29809
29817
29838
29846
29870
29887
29891
29901
29931
29928
29952
29960
29970
30001
30003
30025
30039
30048
30065
30069
30097
30106
30124
30132
30141
30155
30180
30182
30196
30214
30237
30252
30263
30282
30279
30306
30312
30335
30342
30356
30369
30391
30396
30418
30435
30444
30455
30461
30481
30500
30505
30519
30539
30544
30571
30581
30597
30601
30621
30637
30645
30674
30673
30698
30698
30712
30731
30750
30765
30784
30786
30797
30816
30825
30849
30861
30873
30890
30905
30911
30922
30942
30964
30964
30993
30994
31012
31027
31039
31051
31080
31076
31100
31114
31128
31150
31160
31175
31177
31196
31215
31217
31233
31261
31263
31280
31290
31300
31328
31342
31351
31366
31372
31385
31413
31421
31433
31449
31465
31480
31496
31504
31528
31531
31546
31556
31578
31598
31608
31625
31633
31649
31668
31666
31692
31708
31707
31736
31742
31762
31771
31791
31792
31819
31834
31835
31850
31877
31876
31903
31910
31918
31943
31962
31973
31981
32002
32009
32019
32035
32048
32070
32077
32088
32103
32117
32129
32145
32168
32168
32191
32205
32227
32240
32248
32254
32276
32284
32312
32313
32334
32353
32356
32370
32388
32397
32416
32426
32450
32462
32469
32480
32490
32513
32524
32537
32548
32560
32583
32595
32617
32621
32638
32656
32669
32681
32698
32705
32732
32739
32760
32762
32782
32785
32807
32829
32827
32849
32859
32878
32892
32898
32917
32933
32952
32954
32973
32995
33012
33020
33039
33045
33066
33065
33082
33099
33110
33123
33145
33157
33171
33191
33202
33213
33235
33247
33247
33264
33274
33289
33317
33329
33342
33352
33375
33386
33391
33407
33417
33440
33452
33460
33480
33501
33512
33512
33534
33556
33556
33575
33588
33600
33619
33641
33642
33664
33680
33698
33703
33716
33740
33745
33765
33764
33778
33810
33815
33832
33839
33848
33877
33892
33903
33913
33920
33940
33953
33970
33984
34000
34012
34021
34030
34049
34065
34074
34104
34106
34118
34144
34158
34162
34178
34184
34212
34216
34244
34249
34266
34282
34292
34312
34328
34336
34352
34361
34375
34392
34412
34418
34440
34448
34459
34473
34485
34503
34515
34525
34544
34562
34571
34576
34608
34622
34636
34646
34663
34669
34689
34690
34704
34718
34737
34747
34764
34782
34804
34818
34830
34838
34853
34865
34887
34890
34909
34921
34932
34942
34963
34979
34992
35013
35011
35031
35046
35054
35072
35092
35094
35116
35130
35142
35167
35179
35178
35205
35222
35227
35240
35262
35273
35292
35297
35311
35323
35336
35361
35373
35381
35391
35409
35421
35446
35447
35462
35488
35487
35517
35525
35540
35556
35562
35587
35594
35606
35615
35637
35655
35663
35680
35699
35705
35728
35725
35747
35752
35773
35789
35798
35822
35829
35842
35854
35866
35892
35894
35913
35932
35936
35950
35966
35981
36003
36004
36034
36050
36064
36076
36086
36101
36105
36129
36138
36157
36168
36189
36198
36206
36232
36237
36250
36273
36276
36300
36306
36315
36339
36349
36365
36373
36399
36396
36425
36431
36455
36455
36478
36489
36499
36513
36531
36552
36554
36573
36588
36601
36615
36634
36650
36663
36675
36692
36691
36719
36719
36743
36751
36764
36775
36790
36808
36820
36836
36856
36864
36873
36898
36918
36930
36945
36960
36959
36978
36987
37007
37018
37040
37049
37064
37079
37084
37101
37110
37138
37146
37165
37171
37182
37209
37208
37232
37251
37257
37281
37282
37301
37319
37324
37345
37356
37375
37393
37396
37406
37430
37441
37455
37466
37489
37488
37506
37520
37531
37557
37564
37576
37590
37618
37618
37637
37658
37670
37670
37688
37712
37729
37740
37748
37756
37782
37787
37805
37819
37831
37847
37867
37868
37889
37899
37911
37932
37946
37961
37969
37986
38003
38019
38021
38048
38059
38078
38091
38101
38117
38132
38149
38148
38161
38189
38194
38207
38228
38238
38260
38275
38277
38295
38312
38323
38334
38351
38362
38383
38401
38401
38421
38427
38444
38464
38469
38495
38499
38512
38530
38553
38566
38576
38594
38605
38617
38640
38650
38667
38672
38682
38693
38721
38721
38748
38757
38771
38785
38793
38817
38832
38838
38846
38862
38892
38905
38913
38931
38943
38952
38961
38979
39004
39006
39021
39030
39046
39069
39077
39090
39103
39129
39138
39143
39163
39169
39189
39197
39214
39233
39249
39254
39272
39285
39296
39309
39336
39346
39355
39365
39395
39407
39422
39425
39452
39457
39465
39483
39502
39519
39527
39538
39560
39572
39578
39588
39611
39620
39638
39653
39659
39688
39693
39701
39723
39744
39754
39760
39779
39788
39811
39829
39836
39850
39868
39871
39882
39903
39923
39942
39955
39967
39972
39984
40007
40026
40027
40041
40054
40064
40086
40109
40117
40133
40141
40152
40166
40190
40204
40209
40225
40250
40253
40274
40283
40300
40308
40319
40343
40358
40376
40372
40399
40404
40415
40445
40447
40465
40477
40502
40510
40521
40532
40544
40562
40571
40586
40597
40615
40641
40652
40656
40668
40681
40700
40723
40740
40740
40764
40771
40790
40799
40823
40829
40838
40865
40870
40883
40900
40915
40927
40939
40946
40975
40981
40992
41008
41017
41030
41046
41067
41074
41086
41111
41119
41145
41144
41174
41181
41200
41216
41225
41237
41243
41262
41269
41300
41298
41318
41330
41355
41364
41368
41381
41402
41423
41431
41449
41461
41478
41491
41492
41521
41523
41543
41560
41575
41585
41598
41615
41631
41645
41655
41669
41684
41696
41715
41728
41736
41746
41768
41778
41796
41809
41818
41828
41846
41873
41883
41898
41913
41926
41935
41947
41963
41969
41995
42002
42019
42029
42047
42069
42083
42081
42094
42116
42132
42145
42166
42164
42181
42199
42212
42227
42246
42257
42270
42290
42290
42318
42333
42333
42359
42366
42387
42395
42410
42419
42445
42453
42460
42488
42499
42501
42515
42545
42554
42573
42571
42596
42612
42626
42628
42644
42663
42672
42692
42698
42727
42737
42750
42756
42775
42796
42809
42816
42831
42844
42859
42876
42894
42902
42917
42936
42937
42966
42977
42994
43008
43006
43027
43033
43047
43071
43075
43095
43106
43118
43143
43155
43159
43183
43186
43211
43214
43242
43250
43270
43273
43291
43302
43325
43343
43351
43371
43382
43382
43407
43416
43433
43441
43467
43473
43491
43504
43522
43532
43545
43563
43579
43587
43600
43612
43630
43643
43655
43671
43694
43695
43708
43736
43736
43759
43776
43783
43792
43820
43827
43848
43855
43876
43882
43900
43917
43918
43944
43945
43966
43980
43990
44011
44017
44029
44042
44058
44086
44096
44097
44117
44130
44147
44169
44170
44190
44203
44217
44237
44254
44262
44274
44278
44304
44312
44336
44351
44350
44368
44394
44404
44406
44427
44442
44456
44469
44483
44492
44518
44530
44537
44561
44570
44586
44594
44616
44632
44642
44654
44673
44671
44696
44702
44722
44726
44745
44761
44771
44782
44811
44811
44834
44856
44863
44880
44889
44906
44923
44928
44949
44953
44979
44991
44995
45020
45038
45050
45065
45080
45087
45103
45122
45121
45139
45148
45165
45183
45201
45217
45222
45245
45244
45264
45284
45294
45317
45316
45343
45356
45372
45372
45386
45402
45416
45442
45444
45464
45485
45487
45505
45525
45536
45540
45565
45575
45581
45610
45624
45632
45639
45656
45677
45678
45697
45721
45726
45747
45756
45763
45793
45799
45806
45831
45843
45856
45876
45880
45899
45915
45917
45937
45959
45960
45980
45989
46014
46015
46043
46052
46065
46079
46093
46108
46114
46133
46157
46171
46183
46198
46200
46218
46229
46255
46255
46275
46297
46311
46310
46336
46339
46357
46381
46390
46401
46421
46435
46446
46456
46469
46489
46507
46519
46524
46546
46547
46578
46575
46601
46607
46630
46634
46655
46671
46682
46692
46708
46723
46730
46752
46762
46785
46796
46805
46829
46831
46849
46856
46868
46900
46914
46927
46939
46947
46960
46975
46993
46995
47019
47025
47043
47055
47071
47087
47097
47119
47134
47137
47157
47162
47184
47190
47220
47219
47237
47253
47269
47285
47299
47303
47322
47342
47346
47369
47381
47390
47405
47420
47432
47447
47457
47487
47501
47510
47515
47526
47557
47563
47583
47599
47598
47618
47633
47643
47669
47682
47682
47696
47717
47739
47740
47767
47777
47791
47805
47815
47822
47847
47857
47876
47893
47905
47911
47930
47932
47947
47974
47980
47991
48014
48024
48042
48045
48075
48088
48103
48109
48127
48133
48157
48162
48182
48196
48216
48228
48239
48258
48255
48268
48291
48310
48312
48326
48349
48363
48375
48384
48398
48422
48436
48437
48457
48474
48478
48500
48519
48520
48535
48561
48574
48577
48603
48613
48620
48647
48662
48664
48677
48694
48709
48731
48732
48744
48763
48776
48798
48807
48825
48828
48842
48870
48882
48884
48898
48915
48937
48946
48965
48984
49000
48999
49019
49035
49042
49066
49083
49094
49106
49120
49132
49145
49153
49180
49195
49194
49207
49225
49238
49260
49269
49284
49300
49318
49331
49344
49353
49366
49391
49404
49417
49425
49440
49447
49464
49482
49495
49518
49523
49537
49545
49560
49587
49585
49604
49614
49631
49641
49667
49673
49695
49712
49721
49725
49741
49761
49771
49785
49808
49819
49830
49843
49868
49868
49882
49897
49916
49936
49945
49950
49962
49983
50003
50013
50027
50039
50059
50066
50089
50097
50112
50121
50147
50146
50169
50179
50200
50209
50219
50239
50256
50264
50279
50287
50311
50321
50330
50348
50372
50369
50397
50397
50427
50435
50448
50459
50476
50489
50503
50509
50526
50550
50565
50567
50595
50601
50624
50620
50643
50661
50678
50688
50697
50713
50727
50741
50754
50769
50788
50793
50816
50826
50847
50848
50864
50886
50895
50910
50922
50944
50948
50961
50985
50989
51002
51029
51028
51049
51062
51086
51100
51096
51123
51130
51144
51164
51171
51184
51209
51211
51228
51250
51253
51273
51285
51295
51310
51327
51350
51364
51372
51384
51399
51413
51427
51432
51459
51475
51486
51495
51503
51516
51531
51558
51568
51589
51589
51611
51623
51643
51642
51659
51682
51701
51707
51727
51732
51755
51763
51777
51798
51797
51823
51837
51852
51867
51875
51887
51909
51913
51935
51954
51952
51971
51987
52000
52021
52032
52039
52053
52070
52077
52104
52120
52123
52142
52158
52177
52183
52206
52203
52223
52234
52248
52273
52272
52290
52310
52332
52333
52350
52368
52379
52401
52401
52417
52437
52449
52460
52470
52500
52506
52526
52540
52547
52558
52584
52580
52601
52612
52623
52637
52659
52665
52680
52694
52720
52732
52743
52759
52769
52780
52803
52819
52822
52832
52851
52875
52876
52897
52907
52931
52932
52947
52967
52982
53001
53018
53017
53036
53051
53073
53077
53092
53103
53129
53137
53147
53157
53177
53189
53207
53218
53230
53255
53263
53283
53291
53296
53313
53339
53347
53360
53372
53380
53396
53409
53429
53435
53465
53480
53479
53504
53515
53533
53547
53557
53562
53591
53599
53607
53632
53635
53655
53669
53679
53700
53714
53722
53733
53758
53762
53781
53786
53806
53812
53844
53842
53855
53879
53893
53899
53912
53942
53945
53956
53983
53991
54002
54020
54034
54046
54062
54072
54085
54106
54113
54126
54149
54164
54180
54184
54203
54213
54220
54244
54255
54263
54290
54289
54308
54320
54340
54347
54363
54381
54386
54412
54416
54434
54443
54470
54482
54500
54505
54520
54538
54554
54555
54580
54582
54605
54612
54637
54647
54670
54666
54690
54704
54712
54737
54743
54752
54766
54790
54805
54821
54829
54842
54848
54864
54888
54899
54913
54920
54933
54963
54963
54981
54993
55016
55016
55033
55045
55067
55079
55098
55104
55127
55129
55158
55159
55179
55195
55198
55220
55242
55249
55257
55280
55292
55311
55315
55334
55344
55359
55382
55383
55398
55421
55431
55444
55461
55476
55484
55505
55522
55527
55537
55556
55567
55583
55593
55611
55629
55648
55649
55678
55680
55705
55717
55721
55746
55747
55764
55775
55790
55807
55823
55841
55846
55859
55877
55892
55905
55924
55930
55950
55954
55978
55992
56008
56010
56032
56043
56056
56075
56087
56097
56117
56137
56136
56154
56173
56183
56192
56214
56232
56247
56260
56272
56294
56290
56320
56319
56350
56358
56369
56388
56405
56406
56418
56435
56452
56458
56472
56492
56502
56525
56534
56554
56558
56575
56593
56610
56617
56628
56649
56657
56682
56697
56714
56724
56742
56749
56758
56781
56795
56805
56813
56837
56853
56859
56873
56887
56903
56914
56927
56942
56956
56974
56984
56993
57017
57033
57049
57062
57069
57090
57092
57120
57118
57144
57151
57166
57181
57186
57201
57224
57229
57254
57268
57285
57284
57307
57321
57341
57352
57363
57368
57389
57405
57414
57439
57452
57468
57479
57489
57503
57513
57525
57548
57564
57567
57582
57593
57614
57629
57645
57653
57668
57677
57704
57713
57719
57742
57757
57769
57781
57793
57819
57817
57844
57848
57861
57874
57891
57910
57920
57935
57943
57974
57988
57992
58006
58019
58037
58048
58063
58082
58091
58105
58112
58141
58153
58155
58172
58198
58194
58222
58223
58247
58258
58265
58286
58299
58322
58337
58350
58349
58380
58385
58403
58404
58430
58433
58463
58465
58490
58502
58502
58527
58544
58557
58567
58572
58596
58603
58621
58633
58654
58657
58683
58690
58715
58719
58736
58754
58763
58777
58785
58803
58820
58825
58852
58863
58868
58887
58896
58922
58924
58950
58952
58967
58991
59008
59006
59026
59042
59065
59065
59076
59093
59109
59119
59140
59153
59164
59181
59203
59220
59226
59246
59250
59273
59288
59300
59302
59314
59331
59356
59361
59370
59386
59405
59412
59436
59445
59456
59475
59490
59514
59527
59524
59556
59570
59569
59585
59596
59609
59623
59650
59655
59670
59687
59709
59709
59731
59748
59765
59771
59786
59797
59810
59819
59842
59859
59869
59882
59896
59909
59918
59947
59946
59963
59981
59991
60007
60015
60045
60049
60071
60070
60100
60111
60115
60133
60157
60156
60169
60194
60198
60216
60227
60239
60262
60267
60298
60311
60315
60339
60347
60363
60368
60378
60408
60420
60433
60449
60460
60480
60492
60504
60513
60531
60544
60554
60564
60592
60597
60604
60630
60635
60655
60664
60675
60692
60714
60722
60729
60742
60765
60779
60792
60816
60821
60832
60849
60871
60868
60892
60913
60916
60925
60943
60965
60975
60981
61004
61019
61035
61037
61060
61066
61091
61096
61109
61132
61146
61148
61170
61184
61199
61211
61225
61247
61264
61264
61288
61295
61310
61318
61344
61354
61371
61376
61389
61416
61422
61436
61443
61468
61483
61490
61504
61523
61530
61554
61561
61577
61582
61601
61613
61630
61643
61659
61671
61694
61709
61716
61736
61754
61764
61771
61788
61793
61815
61837
61848
61851
61880
61879
61891
61921
61918
61932
61960
61962
61985
61999
62019
62032
62037
62044
62058
62084
62088
62101
62126
62140
62158
62164
62177
62187
62212
62218
62236
62245
62254
62272
62291
62304
62310
62340
62354
62354
62382
62381
62404
62423
62425
62445
62460
62470
62494
62499
62507
62521
62536
62559
62563
62576
62598
62609
62622
62642
62653
62670
62692
62704
62705
62732
62745
62749
62768
62773
62786
62813
62816
62842
62847
62871
62881
62895
62903
62921
62935
62942
62957
62975
62992
63014
63011
63032
63053
63070
63084
63090
63097
63123
63136
63140
63151
63179
63179
63203
63206
63229
63237
63251
63275
63278
63301
63318
63323
63339
63357
63369
63380
63390
63403
63422
63441
63462
63460
63474
63492
63502
63528
63530
63559
63569
63579
63589
63601
63627
63637
63654
63669
63670
63695
63696
63720
63728
63747
63763
63771
63791
63799
63826
63831
63837
63859
63882
63889
63902
63920
63932
63951
63950
63974
63984
64008
64011
64024
64034
64054
64061
64083
64104
64103
64117
64144
64155
64163
64174
64196
64216
64219
64232
64253
64270
64270
64300
64304
64325
64335
64342
64354
64376
64392
64408
64428
64428
64456
64456
64482
64490
64500
64517
64525
64546
64561
64570
64587
64595
64612
64634
64652
64657
64668
64691
64690
64713
64719
64744
64755
64773
64790
64794
64808
64825
64838
64858
64867
64878
64889
64902
64915
64936
64949
64968
64982
64997
64999
65012
65034
65052
65072
65073
65086
65099
65119
65125
65151
65155
65168
65198
65204
65214
65236
65249
65263
65271
65279
65307
65323
65320
65352
65357
65371
65381
65408
65404
65429
65437
65448
65469
65484
65489
65514
65530
65539
65548
65562
65573
65592
65613
65614
65630
65651
65663
65686
65695
65714
65730
65729
65755
65759
65768
65783
65799
65821
65827
65838
65855
65874
65897
65908
65925
65933
65952
65952
65965
65980
65999
66024
66020
66039
66052
66069
66088
66095
66119
66123
66147
66148
66176
66174
66206
66206
66228
66242
66246
66268
66281
66287
66311
66332
66333
66346
66368
66383
66385
66399
66418
66435
66448
66466
66475
66488
66504
66519
66528
66550
66555
66576
66586
66605
66622
66634
66652
66660
66672
66696
66703
66706
66722
66743
66754
66769
66783
66800
66816
66829
66833
66855
66870
66875
66888
66902
66928
66947
66954
66970
66978
67001
67006
67029
67044
67059
67072
67073
67095
67101
67115
67129
67156
67163
67171
67196
67205
67219
67235
67248
67253
67267
67289
67309
67319
67337
67354
67359
67382
67380
67406
67408
67424
67442
67464
67462
67479
67502
67508
67529
67547
67555
67574
67587
67595
67608
67620
67644
67655
67676
67677
67702
67709
67723
67735
67759
67770
67784
67792
67801
67825
67832
67852
67860
67877
67898
67899
67928
67926
67941
67967
67984
67982
68007
68009
68026
68048
68065
68075
68092
68092
68114
68129
68138
68160
68180
68185
68193
68216
68236
68236
68262
68262
68283
68306
68317
68322
68332
68344
68365
68372
68386
68409
68414
68446
68442
68470
68470
68499
68502
68521
68529
68548
68571
68585
68582
68611
68628
68638
68644
68661
68681
68686
68700
68726
68724
68744
68763
68781
68780
68808
68807
68822
68844
68858
68872
68884
68899
68906
68935
68938
68955
68971
68982
68998
69013
69031
69034
69057
69059
69077
69104
69100
69128
69131
69147
69168
69171
69192
69207
69222
69231
69242
69260
69270
69283
69309
69310
69334
69348
69365
69374
69385
69397
69415
69422
69442
69464
69479
69484
69504
69508
69531
69540
69562
69566
69581
69599
69621
69621
69646
69649
69666
69684
69696
69716
69734
69733
69750
69767
69788
69796
69806
69820
69828
69847
69856
69873
69887
69914
69927
69929
69956
69963
69974
69989
69996
70024
70037
70040
70070
70073
70096
70097
70117
70136
70152
70163
70179
70195
70210
70218
70232
70239
70263
70266
70279
70291
70313
70327
70350
70347
70371
70386
70400
70413
70421
70442
70448
70458
70482
70494
70503
70527
70531
70545
70570
70575
70594
70616
70623
70643
70640
70657
70680
70699
70703
70723
70736
70743
70768
70781
70788
70804
70816
70823
70850
70860
70875
70886
70907
70916
70926
70952
70949
70964
70985
70999
71006
71034
71035
71052
71074
71083
71091
71115
71130
71136
71160
71160
71180
71190
71208
71229
71237
71243
71265
71279
71302
71312
71327
71335
71349
71361
71386
71384
71410
71427
71424
71441
71461
71467
71480
71512
71518
71525
71537
71560
71571
71587
71598
71624
71626
71651
71661
71668
71687
71691
71710
71731
71746
71761
71760
71787
71799
71811
71820
71847
71847
71865
71888
71903
71909
71918
71930
71952
71963
71973
71987
72000
72012
72028
72041
72060
72085
72091
72111
72119
72127
72144
72170
72170
72195
72209
72224
72234
72250
72260
72271
72290
72296
72307
72332
72334
72363
72367
72385
72399
72418
72428
72447
72456
72478
72483
72494
72512
72533
72538
72553
72571
72587
72588
72600
72620
72645
72652
72666
72687
72694
72710
72724
72730
72757
72757
72778
72790
72805
72825
72841
72848
72867
72874
72880
72912
72917
72925
72944
72950
72971
72985
73001
73017
73024
73039
73056
73071
73085
73090
73117
73130
73136
73157
73166
73176
73199
73211
73233
73234
73250
73275
73288
73289
73306
73323
73332
73355
73367
73371
73396
73409
73421
73435
73440
73468
73468
73492
73501
73512
73529
73540
73563
73577
73591
73605
73625
73635
73646
73659
73667
73683
73700
73710
73735
73745
73760
73769
73791
73800
73807
73819
73843
73846
73870
73876
73890
73915
73924
73934
73958
73967
73983
74000
74009
74031
74035
74056
74064
74080
74102
74110
74116
74144
74149
74155
74183
74198
74209
74225
74224
74245
74265
74266
74296
74305
74315
74325
74340
74351
74377
74390
74407
74424
74424
74447
74461
74480
74493
74491
74513
74532
74550
74558
74568
74579
74588
74603
74624
74648
74647
74663
74677
74696
74706
74723
74734
74742
74764
74778
74787
74809
74825
74840
74840
74869
74875
74900
74909
74920
74931
74944
74961
74975
74997
75010
75008
75037
75045
75055
75074
75078
75104
75117
75126
75143
75149
75173
75185
75199
75204
75234
75234
75251
75276
75285
75300
75315
75329
75331
75356
75365
75377
75404
75411
75416
75446
75452
75474
75472
75501
75498
75517
75535
75552
75571
75586
75582
75596
75618
75634
75653
75665
75684
75697
75710
75717
75731
75749
75752
75773
75779
75792
75811
75837
75839
75851
75869
75882
75890
75916
75936
75935
75959
75968
75985
76005
76016
76026
76048
76045
76070
76073
76086
76111
76129
76143
76147
76172
76172
76191
76212
76224
76235
76247
76272
76284
76282
76309
76320
76332
76343
76366
76371
76390
76397
76414
76424
76448
76463
76470
76487
76500
76515
76527
76539
76557
76573
76584
76600
76612
76636
76641
76654
76661
76686
76701
76715
76732
76738
76746
76771
76775
76789
76803
76820
76843
76854
76863
76878
76889
76900
76918
76940
76949
76961
76981
76998
77000
77018
77035
77049
77061
77081
77092
77096
77124
77137
77145
77161
77173
77194
77198
77221
77229
77237
77262
77266
77291
77290
77309
77318
77338
77352
77360
77378
77395
77404
77425
77446
77449
77458
77475
77501
77500
77517
77533
77557
77561
77574
77585
77611
77615
77644
77643
77665
77681
77692
77698
77724
77726
77746
77761
77778
77789
77803
77821
77832
77845
77859
77882
77888
77907
77911
77925
77940
77961
77975
77990
77998
78012
78019
78032
78048
78060
78075
78094
78116
78122
78132
78148
78159
78172
78187
78204
78229
78241
78248
78270
78276
78292
78315
78321
78327
78355
78360
78368
78396
78399
78410
78439
78456
78461
78478
78495
78500
78510
78525
78551
78564
78575
78579
78600
78619
78621
78644
78648
78675
78678
78699
78707
78722
78735
78760
78769
78783
78797
78805
78826
78838
78850
78864
78873
78888
78902
78920
78935
78951
78961
78985
79002
78998
79014
79038
79056
79063
79076
79084
79112
79128
79136
79146
79154
79182
79188
79203
79215
79229
79239
79250
79272
79281
79292
79321
79327
79341
79353
79368
79389
79394
79421
79435
79448
79464
79476
79492
79495
79506
79528
79532
79552
79565
79579
79604
79609
79629
79641
79651
79659
79679
79692
79704
79712
79741
79744
79764
79773
79795
79802
79810
79824
79852
79860
79867
79895
79903
79916
79934
79939
79953
79968
79987
80004
80017
80020
80044
80065
80065
80088
80093
80119
80135
80138
80157
80166
80188
80189
80210
80222
80246
80259
80272
80275
80292
80301
80323
80330
80345
80363
80376
80393
80414
80413
80433
80447
80457
80475
80496
80501
80521
80541
80548
80558
80584
80597
80608
80613
80640
80641
80665
80675
80696
80694
80708
80723
80751
80754
80767
80785
80790
80814
80834
80842
80853
80878
80889
80893
80903
80923
80946
80949
80972
80973
81004
81016
81032
81031
81057
81060
81074
81084
81116
81112
81128
81154
81161
81174
81190
81213
81215
81231
81241
81263
81284
81290
81296
81323
81324
81352
81367
81376
81393
81400
81417
81431
81452
81456
81476
81493
81495
81512
81525
81532
81559
81575
81582
81588
81618
81619
81643
81660
81660
81682
81692
81708
81726
81735
81750
81756
81770
81794
81813
81812
81838
81842
81863
81874
81888
81909
81911
81924
81940
81962
81979
81994
82012
82009
82032
82047
82051
82078
82081
82093
82123
82129
82134
82157
82170
82179
82194
82214
82228
82242
82253
82269
82288
82295
82318
82323
82343
82352
82361
82380
82389
82405
82425
82444
82453
82465
82473
82487
82514
82527
82536
82548
82568
82568
82599
82605
82619
82641
82641
82669
82669
82691
82705
82710
82722
82750
82762
82780
82789
82802
82814
82822
82835
82862
82873
82890
82892
82909
82927
82941
82951
82972
82988
82989
83012
83025
83036
83048
83073
83081
83087
83108
83119
83145
83160
83156
83186
83196
83212
83223
83239
83249
83260
83276
83284
83314
83327
83340
83355
83360
83381
83391
83408
83425
83433
83445
83465
83470
83494
83501
83522
83525
83545
83559
83571
83586
83604
83615
83623
83647
83660
83671
83683
83692
83715
83719
83747
83754
83763
83788
83803
83804
83817
83837
83851
83871
83884
83891
83907
83924
83930
83942
83966
83977
83988
83999
84012
84042
84046
84055
84070
84090
84096
84111
84128
84148
84157
84167
84190
84196
84220
84229
84238
84257
84263
84285
84293
84305
84334
84344
84362
84367
84392
84388
84419
84423
84439
84455
84471
84485
84498
84507
84515
84532
84558
84556
84575
84601
84603
84630
84631
84657
84670
84675
84687
84713
84722
84724
84748
84753
84773
84781
84804
84812
84837
84852
84850
84881
84878
84901
84915
84923
84943
84966
84969
84990
84992
85018
85028
85036
85055
85068
85085
85089
85114
85118
85139
85153
85166
85175
85186
85210
85215
85245
85250
85274
85274
85290
85304
85324
85338
85348
85355
85369
85396
85409
85419
85437
85451
85461
85480
85489
85500
85521
85522
85547
85550
85573
85587
85593
85619
85630
85641
85662
85670
85689
85706
85714
85723
85733
85757
85760
85774
85800
85810
85830
85831
85857
85859
85889
85888
85917
85922
85928
85945
85965
85981
85989
86004
86020
86035
86054
86055
86077
86088
86113
86115
86125
86139
86158
86166
86182
86198
86215
86231
86237
86254
86268
86293
86298
86322
86324
86344
86349
86366
86389
86406
86420
86432
86448
86447
86466
86485
86497
86505
86521
86546
86559
86561
86573
86595
86601
86615
86641
86644
86659
86670
86693
86716
86725
86729
86748
86764
86773
86798
86805
86827
86826
86843
86856
86871
86880
86901
86908
86931
86946
86953
86972
86984
87005
87014
87038
87048
87056
87080
87088
87100
87112
87128
87141
87163
87170
87178
87199
87215
87227
87236
87245
87267
87281
87294
87314
87314
87336
87342
87359
87382
87395
87414
87421
87439
87458
87457
87478
87491
87498
87518
87540
87547
87558
87575
87580
87599
87611
87632
87641
87662
87666
87690
87710
87721
87720
87734
87750
87764
87782
87804
87810
87818
87843
87862
87874
87883
87900
87916
87925
87930
87953
87967
87983
87994
88016
88026
88044
88048
88063
88072
88098
88103
88125
88136
88154
88172
88180
88185
88197
88213
88224
88255
88260
88266
88293
88307
88311
88340
88350
88359
88378
88395
88401
88420
88422
88448
88455
88467
88476
88499
88515
88532
88550
88560
88568
88590
88590
88607
88621
88632
88649
88669
88683
88694
88707
88730
88746
88743
88762
88784
88794
88807
88821
88843
88842
88862
88875
88882
88907
88927
88930
88949
88961
88970
88983
88994
89012
89026
89038
89062
89070
89078
89101
89117
89127
89137
89165
89172
89182
89194
89213
89219
89236
89258
89270
89285
89294
89320
89328
89333
89348
89365
89388
89399
89404
89422
89431
89451
89458
89479
89495
89505
89515
89532
89556
89570
89570
89591
89610
89626
89640
89640
89663
89666
89686
89696
89716
89726
89747
89768
89773
89781
89808
89809
89827
89850
89854
89866
89890
89905
89908
89919
89937
89947
89964
89984
89990
90004
90017
90041
90045
90069
90087
90094
90115
90127
90140
90154
90164
90188
90196
90213
90222
90226
90248
90265
90282
90285
90297
90312
90326
90346
90370
90376
90398
90411
90413
90426
90446
90468
90465
90483
90510
90521
90529
90538
90565
90571
90583
90590
90616
90621
90636
90660
90676
90681
90690
90713
90716
90731
90747
90758
90778
90789
90810
90832
90831
90845
90865
90878
90884
90914
90919
90941
90949
90960
90979
90995
91007
91016
91033
91050
91060
91074
91091
91100
91123
91140
91146
91161
91178
91186
91201
91220
91220
91252
91250
91271
91287
91295
91309
91335
91350
91352
91363
91376
91400
91411
91432
91447
91462
91467
91480
91488
91512
91521
91536
91547
91564
91573
91589
91609
91624
91637
91651
91655
91677
91691
91703
91710
91730
91739
91765
91775
91798
91809
91818
91835
91850
91853
91873
91884
91894
91911
91925
91951
91948
91964
91976
91996
92006
92032
92039
92049
92076
92075
92097
92111
92117
92130
92155
92160
92188
92202
92214
92230
92242
92245
92270
92287
92285
92311
92323
92329
92350
92369
92371
92384
92414
92420
92425
92447
92468
92472
92489
92510
92514
92523
92539
92553
92576
92584
92592
92619
92620
92649
92665
92675
92679
92700
92718
92735
92739
92759
92773
92774
92788
92811
92833
92838
92850
92874
92881
92897
92906
92930
92934
92944
92961
92986
92986
93016
93017
93044
93054
93054
93076
93086
93105
93119
93133
93141
93155
93174
93197
93198
93210
93225
93239
93264
93268
93292
93305
93315
93338
93339
93360
93365
93380
93395
93421
93425
93448
93454
93472
93492
93500
93502
93519
93533
93556
93575
93579
93588
93615
93625
93643
93647
93660
93679
93694
93706
93729
93729
93750
93767
93771
93793
93803
93824
93828
93842
93857
93867
93883
93894
93920
93925
93943
93959
93964
93996
93997
94021
94034
94049
94056
94067
94089
94107
94118
94131
94143
94151
94176
94183
94202
94206
94220
94246
94258
94264
94272
94303
94308
94323
94338
94342
94358
94379
94391
94402
94426
94444
94455
94458
94479
94495
94498
94519
94537
94538
94554
94583
94583
94605
94621
94631
94645
94660
94680
94689
94707
94709
94730
94737
94757
94771
94777
94794
94815
94834
94835
94862
94869
94890
94890
94909
94932
94930
94945
94973
94979
94995
95009
95023
95032
95051
95058
95077
95084
95114
95117
95133
95148
95159
95177
95193
95205
95226
95232
95241
95268
95275
95296
95306
95310
95328
95339
95366
95373
95396
95397
95421
95438
95435
95460
95479
95487
95491
95520
95533
95534
95547
95569
95586
95589
95607
95625
95648
95661
95668
95675
95691
95708
95723
95744
95756
95756
95778
95793
95808
95817
95838
95849
95867
95872
95889
95899
95921
95929
95939
95958
95974
95997
96009
96018
96022
96052
96059
96080
96093
96103
96123
96138
96135
96152
96165
96181
96195
96215
96224
96243
96256
96264
96292
96288
96310
96317
96337
96362
96364
96380
96401
96418
96414
96441
96445
96458
96488
96497
96515
96515
96542
96541
96566
96579
96584
96597
96610
96640
96647
96666
96675
96681
96709
96717
96739
96751
96763
96768
96779
96795
96818
96829
96840
96852
96874
96884
96895
96918
96921
96949
96960
96967
96986
96997
97020
97034
97037
97044
97070
97081
97103
97110
97128
97131
97156
97173
97180
97196
97209
97228
97237
97241
97261
97273
97286
97302
97320
97342
97342
97361
97375
97382
97405
97410
97437
97444
97452
97473
97488
97509
97514
97531
97534
97558
97564
97584
97600
97611
97627
97641
97648
97669
97688
97704
97705
97729
97747
97757
97759
97773
97787
97801
97830
97842
97848
97874
97878
97900
97910
97917
97937
97950
97970
97973
97986
98011
98021
98038
98055
98059
98075
98086
98107
98108
98122
98137
98164
98178
98187
98200
98210
98226
98238
98256
98268
98281
98307
98317
98325
98340
98355
98373
98387
98399
98413
98422
98434
98447
98467
98475
98490
98518
98522
98537
98552
98558
98573
98596
98612
98613
98631
98643
98659
98679
98686
98707
98717
98725
98741
98761
98770
98784
98806
98824
98823
98853
98859
98871
98888
98902
98910
98928
98937
98953
98969
98981
98995
99009
99025
99049
99063
99066
99079
99103
99106
99119
99134
99151
99166
99173
99191
99214
99215
99237
99254
99262
99287
99295
99314
99321
99333
99344
99369
99375
99384
99402
99427
99434
99446
99470
99476
99483
99505
99513
99532
99544
99554
99575
99596
99604
99622
99620
99651
99661
99667
99679
99708
99704
99722
99741
99754
99768
99781
99796
99812
99816
99844
99845
99868
99874
99904
99915
99923
99936
99949
99970
99986
99990
100010
100018
100035
100041
100068
100080
100094
100112
100113
100128
100150
100157
100177
100180
100203
100217
100223
100244
100257
100273
100278
100306
100321
100330
100350
100366
100377
100391
100391
100422
100429
100445
100448
100466
100491
100505
100502
100521
100532
100545
100562
100588
100588
100607
100628
100631
100655
100664
100671
100698
100706
100729
100726
100757
100765
100782
100782
100805
100819
100829
100853
100867
100876
100883
100898
100924
100935
100945
100962
100971
100987
101004
101011
101020
101035
101061
101067
101078
101090
101121
101121
101145
101160
101175
101190
101193
101202
101234
101244
101252
101263
101290
101301
101302
101320
101334
101349
101367
101385
101385
101407
101417
101439
101442
101467
101483
101485
101513
101513
101529
101545
101560
101566
101584
101598
101615
101639
101653
101663
101668
101679
101702
101723
101730
101734
101763
101765
101784
101803
101811
101828
101835
101862
101864
101887
101893
101914
101926
101941
101945
101968
101988
102000
102004
102029
102045
102057
102056
102076
102084
102100
102119
102138
102144
102155
102178
102191
102205
102210
102226
102242
102264
102271
102282
102303
102311
102329
102345
102354
102370
102396
102394
102411
102421
102438
102458
102478
102481
102500
102513
102529
102544
102546
102573
102574
102601
102606
102622
102638
102658
102670
102689
102691
102712
102722
102736
102756
102763
102787
102792
102802
102822
102844
102850
102872
102877
102897
102899
102914
102942
102953
102963
102982
102980
103005
103011
103023
103044
103064
103074
103084
103100
103112
103127
103142
103150
103165
103184
103206
103211
103232
103241
103246
103273
103277
103295
103311
103323
103334
103357
103369
103386
103390
103404
103422
103441
103444
103466
103471
103497
103503
103528
103539
103549
103572
103572
103583
103607
103617
103632
103640
103663
103675
103684
103702
103710
103723
103743
103768
103775
103795
103800
103812
103824
103846
103859
103872
103891
103899
103908
103930
103933
103956
103973
103979
103997
104012
104027
104032
104056
104062
104083
104093
104111
104119
104132
104145
104164
104171
104193
104215
104214
104231
104254
104271
104273
104285
104309
104327
104337
104339
104363
104369
104392
104401
104416
104437
104447
104459
104477
104479
104509
104523
104535
104543
104559
104572
104591
104602
104617
104620
104632
104649
104677
104684
104697
104716
104725
104739
104748
104776
104778
104803
104810
104817
104837
104846
104864
104875
104902
104902
104919
104935
104957
104972
104970
104987
105009
105014
105029
105051
105055
105068
105089
105095
105119
105136
105138
105153
105182
105178
105192
105213
105221
105245
105259
105272
105291
105307
105315
105329
105337
105347
105365
105376
105402
105415
105429
105440
105448
105459
105480
105487
105509
105531
105543
105542
105556
105575
105587
105605
105619
105636
105654
105661
105684
105691
105707
105727
105741
105741
105761
105767
105796
105797
105809
105840
105853
105851
105878
105893
105899
105918
105936
105943
105955
105966
105979
105995
106006
106026
106045
106062
106065
106076
106106
106117
106122
106139
106148
106167
106179
106196
106209
106229
106235
106256
106264
106279
106295
106316
106315
106327
106355
106366
106378
106391
106396
106425
106435
106447
106456
106478
106491
106500
106525
106532
106536
106564
106582
106579
106603
106623
106634
106639
106659
106667
106688
106704
106705
106734
106746
106753
106760
106786
106790
106814
106828
106845
106853
106860
106889
106893
106911
106924
106938
106959
106973
106974
107002
107015
107020
107043
107054
107069
107085
107094
107097
107119
107128
107151
107165
107182
107193
107201
107220
107232
107250
107256
107267
107286
107306
107312
107320
107338
107356
107366
107388
107392
107404
107427
107444
107453
107465
107485
107488
107520
107518
107547
107553
107560
107576
107601
107618
107631
107646
107645
107661
107683
107701
107704
107724
107737
107756
107765
107786
107800
107810
107824
107829
107838
107856
107883
107895
107901
107913
107927
107945
107958
107973
107994
107995
108009
108022
108034
108057
108079
108079
108099
108116
108128
108141
108162
108165
108182
108192
108202
108217
108235
108250
108267
108285
108296
108302
108317
108343
108360
108371
108379
108386
108416
108423
108440
108449
108454
108474
108485
108505
108510
108532
108545
108558
108570
108587
108599
108608
108627
108639
108663
108664
108696
108694
108712
108738
108735
108750
108771
108789
108803
108818
108835
108845
108863
108872
108891
108890
108919
108917
108944
108956
108966
108974
108987
109012
109023
109040
109046
109063
109078
109084
109107
109121
109138
109149
109155
109172
109191
109210
109224
109230
109256
109254
109268
109291
109310
109308
109330
109350
109350
109380
109392
109392
109423
109433
109438
109460
109466
109488
109501
109511
109525
109533
109557
109568
109580
109600
109606
109631
109648
109655
109658
109684
109695
109709
109731
109743
109744
109758
109776
109797
109809
109812
109832
109854
109856
109886
109898
109901
109923
109929
109947
109956
109967
109989
110009
110026
110033
110036
110054
110073
110083
110099
110120
110128
110139
110161
110179
110190
110192
110212
110227
110244
110258
110269
110290
110300
110314
110332
110343
110352
110373
110388
110395
110404
110423
110439
110450
110458
110472
110487
110506
110522
110542
110555
110554
110572
110596
110602
110628
110639
110656
110663
110670
110682
110703
110715
110726
110754
110756
110781
110782
110810
110815
110827
110846
110858
110872
110890
110906
110914
110921
110936
110947
110974
110985
110991
111020
111021
111040
111054
111075
111080
111095
111115
111123
111137
111146
111156
111177
111186
111210
111229
111237
111243
111261
111268
111292
111307
111327
111331
111347
111354
111366
111391
111409
111414
111425
111452
111453
111478
111491
111504
111522
111529
111551
111563
111579
111580
111602
111608
111627
111645
111653
111669
111676
111697
111712
111734
111735
111761
111772
111780
111795
111802
111831
111843
111854
111865
111881
111888
111900
111919
111938
111940
111960
111977
111989
112011
112016
112041
112055
112055
112068
112081
112102
112115
112133
112145
112153
112180
112180
112200
112213
112234
112238
112255
112275
112277
112308
112309
112330
112339
112357
112364
112382
112400
112413
112422
112434
112458
112461
112488
112486
112504
112520
112537
112558
112569
112575
112590
112611
112613
112631
112643
112659
112673
112689
112700
112710
112733
112747
112762
112769
112791
112797
112817
112834
112843
112862
112873
112890
112898
112923
112923
112934
112958
112972
112989
113008
113015
113030
113042
113049
113076
113078
113099
113107
113128
113134
113152
113169
113190
113186
113215
113232
113243
113246
113261
113275
113288
113307
113328
113339
113349
113357
113384
113399
113401
113420
113440
113448
113469
113480
113490
113500
113508
113523
113543
113562
113566
113595
113601
113617
113624
113650
113664
113671
113691
113692
113713
113719
113732
113753
113771
113775
113804
113806
113821
113835
113849
113862
113882
113895
113903
113931
113934
113960
113971
113987
114001
113998
114023
114042
114044
114056
114081
114085
114105
114123
114140
114153
114162
114171
114197
114212
114225
114238
114251
114251
114266
114283
114301
114321
114337
114334
114352
114376
114388
114391
114409
114426
114433
114460
114474
114475
114500
114507
114520
114533
114550
114570
114583
114596
114607
114614
114631
114653
114663
114678
114688
114707
114718
114737
114757
114757
114772
114797
114796
114825
114827
114848
114861
114876
114891
114905
114920
114938
114936
114950
114971
114982
114993
115006
115029
115046
115062
115069
115076
115099
115122
115129
115135
115158
115171
115192
115198
115207
115218
115231
115254
115272
115289
115298
115302
115323
115344
115352
115368
115375
115393
115403
115421
115433
115446
115470
115482
115487
115509
115522
115528
115546
115570
115576
115588
115601
115617
115636
115639
115659
115673
115679
115702
115718
115733
115743
115753
115766
115790
115807
115816
115827
115833
115861
115871
115880
115894
115913
115917
115941
115957
115971
115976
115992
116000
116032
116032
116043
116069
116072
116091
116105
116127
116138
116151
116172
116175
116197
116200
116220
116238
116248
116259
116281
116282
116298
116311
116323
116339
116366
116376
116393
116403
116409
116424
116448
116466
116466
116478
116507
116509
116520
116536
116549
116568
116584
116593
116613
116628
116646
116660
116662
116682
116703
116712
116716
116741
116749
116769
116775
116785
116810
116827
116833
116843
116866
116880
116894
116905
116910
116935
116954
116959
116984
116987
117008
117015
117037
117054
117056
117082
117090
117108
117114
117129
117150
117165
117173
117180
117198
117219
117228
117232
117255
117262
117289
117288
117314
117333
117339
117345
117371
117382
117395
117400
117417
117435
117446
117458
117481
117493
117504
117522
117535
117553
117566
117570
117591
117612
117625
117637
117650
117663
117674
117682
117700
117720
117722
117739
117767
117774
117789
117802
117807
117834
117836
117848
117864
117888
117897
117909
117927
117935
117961
117961
117980
117996
118020
118025
118036
118047
118061
118075
118093
118112
118121
118134
118142
118163
118175
118189
118203
118227
118235
118242
118260
118269
118295
118309
118323
118333
118348
118362
118380
118389
118412
118417
118429
118448
118452
118464
118493
118499
118513
118538
118552
118566
118577
118582
118593
118606
118618
118636
118663
118676
118674
118704
118702
118724
118747
118751
118765
118781
118792
118815
118815
118828
118853
118862
118884
118902
118910
118925
118926
118955
118971
118986
118990
119006
119015
119041
119049
119065
119071
119080
119104
119109
119139
119152
119159
119173
119182
119201
119214
119226
119243
119259
119274
119286
119304
119314
119326
119338
119353
119370
119375
119399
119414
119425
119433
119456
119458
119484
119498
119511
119531
119530
119556
119562
119582
119596
119607
119615
119637
119650
119669
119677
119689
119704
119720
119739
119745
119760
119778
119780
119804
119814
119827
119851
119850
119865
119892
119897
119921
119922
119939
119966
119963
119980
120006
120015
120026
120038
120049
120074
120083
120102
120116
120118
120139
120154
120174
120179
120194
120200
120215
120236
120242
120257
120271
120290
120299
120314
120340
120344
120372
120380
120383
120411
120411
120434
120455
120454
120474
120494
120503
120518
120534
120549
120553
120566
120596
120595
120622
120638
120652
120653
120680
120692
120702
120713
120723
120747
120758
120777
120786
120806
120803
120829
120830
120859
120875
120881
120887
120918
120926
120929
120956
120958
120986
120996
121013
121030
121035
121045
121071
121077
121096
121098
121118
121138
121146
121164
121175
121180
121206
121214
121238
121240
121266
121281
121289
121293
121317
121328
121348
121366
121367
121389
121407
121406
121435
121439
121450
121473
121476
121499
121506
121534
121548
121556
121566
121579
121603
121614
121625
121630
121645
121665
121671
121701
121711
121721
121732
121758
121761
121769
121799
121807
121810
121829
121844
121853
121873
121892
121895
121925
121934
121942
121959
121976
121987
122010
122009
122021
122045
122056
122066
122079
122099
122114
122129
122143
122157
122178
122186
122191
122205
122220
122239
122253
122258
122290
122298
122304
122330
122341
122359
122365
122373
122388
122410
122427
122434
122456
122463
122471
122494
122510
122521
122530
122540
122560
122567
122589
122607
122625
122631
122643
122657
122678
122687
122699
122715
122734
122743
122754
122763
122793
122799
122808
122822
122836
122852
122869
122891
122897
122911
122931
122936
122949
122965
122975
122991
123006
123027
123035
123044
123057
123085
123093
123113
123125
123141
123149
123169
123186
123195
123210
123216
123226
123246
123253
123283
123291
123309
123317
123326
123344
123368
123366
123379
123401
123410
123436
123449
123464
123463
123494
123494
123510
123522
123547
123555
123575
123579
123606
123609
123616
123646
123646
123671
123684
123696
123710
123730
123729
123760
123772
123773
123799
123806
123814
123842
123852
123869
123878
123884
123908
123920
123928
123945
123959
123974
123994
123996
124019
124022
124048
124068
124067
124078
124107
124111
124135
124134
124152
124163
124189
124199
124211
124232
124248
124249
124265
124292
124300
124311
124333
124335
124351
124359
124375
124403
124408
124421
124437
124452
124461
124478
124500
124510
124516
124532
124549
124563
124575
124593
124605
124611
124630
124655
124658
124669
124680
124703
124718
124739
124736
124757
124773
124791
124806
124815
124837
124843
124860
124871
124885
124893
124916
124936
124939
124958
124967
124986
124988
125005
125028
125043
125045
125075
125088
125095
125113
125121
125132
125146
125167
125180
125188
125207
125223
125239
125255
125259
125284
125282
125305
125327
125325
125342
125365
125375
125392
125408
125424
125426
125441
125458
125471
125479
125494
125515
125521
125550
125557
125572
125592
125602
125607
125627
125646
125647
125678
125681
125702
125704
125716
125745
125761
125775
125789
125790
125813
125832
125844
125858
125857
125873
125900
125902
125924
125935
125950
125967
125973
125991
126000
126017
126039
126046
126065
126075
126094
126100
126125
126123
126149
126167
126181
126187
126210
126223
126229
126250
126261
126272
126285
126303
126314
126330
126341
126350
126366
126376
126395
126405
126426
126439
126444
126458
126481
126499
126517
126525
126529
126547
126557
126579
126586
126602
126615
126633
126649
126660
126679
126695
126714
126727
126732
126747
126767
126773
126796
126811
126816
126824
126852
126852
126877
126895
126905
126919
126926
126947
126961
126976
126985
126992
127017
127033
127040
127058
127076
127090
127093
127107
127125
127134
127151
127176
127186
127195
127217
127215
127243
127250
127267
127279
127284
127302
127326
127331
127340
127363
127375
127388
127396
127427
127430
127444
127464
127474
127489
127494
127519
127524
127541
127553
127578
127579
127592
127606
127622
127652
127663
127675
127679
127700
127713
127727
127734
127753
127771
127776
127790
127818
127826
127848
127860
127875
127881
127903
127908
127916
127935
127945
127973
127979
127985
127999
128014
128041
128044
128071
128083
128099
128108
128126
128133
128155
128164
128174
128185
128204
128212
128233
128253
128255
128280
128287
128301
128311
128320
128341
128362
128372
128391
128400
128422
128431
128449
128463
128475
128487
128503
128502
128519
128535
128559
128561
128573
128598
128614
128619
128634
128650
128672
128688
128687
128705
128718
128739
128758
128754
128786
128782
128812
128815
128842
128847
128860
128872
128892
128908
128915
128926
128945
128952
128972
128994
129006
129015
129037
129034
129053
129072
129088
129108
129114
129119
129138
129155
129175
129190
129204
129219
129225
129245
129257
129267
129274
129304
129317
129322
129333
129345
129372
129375
129385
129404
129430
129428
129451
129461
129481
129483
129500
129515
129526
129539
129569
129573
129592
129602
129619
129622
129653
129656
129669
129689
129702
129719
129738
129747
129764
129770
129778
129802
129822
129822
129841
129850
129874
129879
129904
129913
129933
129933
129959
129960
129984
129995
130008
130029
130028
130057
130065
130076
130088
130107
130126
130131
130149
130167
130174
130194
130214
130221
130240
130243
130264
130266
130296
130307
130316
130337
130354
130360
130370
130387
130409
130409
130437
130442
130449
130467
130483
130490
130504
130531
130549
130563
130566
130583
130605
130615
130629
130646
130653
130669
130689
130696
130715
130722
130731
130757
130773
130775
130793
130816
130812
130828
130854
130863
130882
130888
130907
130928
130940
130943
130961
130976
130989
131004
131021
131030
131050
131068
131069
131080
131104
131107
131123
131137
131157
131171
131189
131199
131213
131232
131246
131255
131263
131287
131295
131309
131328
131337
131353
131374
131381
131399
131418
131422
131446
131459
131469
131479
131494
131505
131526
131543
131558
131554
131580
131588
131599
131619
131628
131656
131652
131671
131696
131710
131709
131730
131737
131752
131776
131787
131796
131813
131833
131843
131854
131876
131879
131890
131918
131926
131946
131953
131964
131979
132004
132018
132016
132034
132056
132071
132074
132097
132107
132114
132130
132147
132172
132179
132186
132203
132220
132226
132244
132269
132272
132300
132301
132311
132338
132355
132358
132382
132390
132396
132412
132435
132438
132468
132475
132485
132500
132513
132534
132549
132557
132569
132593
132591
132611
132619
132650
132660
132669
132683
132702
132713
132731
132736
132761
132764
132774
132789
132818
132817
132835
132849
132868
132878
132886
132915
132928
132935
132941
132971
132970
132998
133006
133022
133035
133053
133070
133082
133097
133095
133120
133130
133145
133165
133164
133195
133207
133210
133233
133243
133259
133268
133291
133291
133316
133333
133345
133362
133370
133391
133406
133410
133431
133446
133445
133466
133488
133489
133517
133519
133535
133551
133556
133583
133596
133610
133624
133631
133645
133665
133675
133684
133714
133713
133733
133746
133757
133774
133789
133810
133819
133831
133853
133866
133866
133880
133907
133913
133921
133941
133953
133975
133979
133994
134020
134028
134034
134046
134077
134075
134088
134104
134124
134141
134151
134170
134179
134187
134201
134229
134237
134251
134263
134283
134293
134299
134320
134326
134341
134358
134377
134390
134414
134415
134440
134442
134458
134469
134488
134495
134522
134525
134538
134559
134564
134585
134608
134619
134637
134638
134655
134666
134683
134696
134711
134735
134738
134762
134769
134774
134803
134810
134817
134842
134861
134870
134884
134903
134907
134924
134943
134947
134960
134978
134995
135016
135025
135040
135050
135063
135086
135095
135109
135121
135138
135144
135153
135173
135188
135199
135212
135235
135238
135255
135273
135287
135302
135310
135337
135339
135349
135377
135391
135396
135408
135422
135438
135458
135467
135486
135501
135508
135525
135538
135552
135563
135577
135602
135612
135619
135628
135653
135665
135688
135697
135700
135729
135729
135748
135763
135783
135794
135814
135814
135831
135855
135861
135875
135880
135897
135913
135935
135939
135956
135973
135985
135999
136014
136037
136043
136064
136065
136077
136098
136121
136130
136138
136148
136171
136182
136191
136213
136225
136240
136255
136264
136281
136294
136309
136323
136335
136354
136372
136370
136396
136403
136428
136442
136453
136463
136473
136482
136512
136511
136538
136539
136569
136566
136583
136597
136614
136623
136644
136658
136673
136692
136692
136716
136720
136750
136759
136777
136783
136804
136805
136827
136845
136860
136869
136888
136894
136915
136933
136937
136960
136961
136981
136996
137010
137027
137037
137057
137058
137075
137094
137114
137118
137134
137140
137161
137182
137191
137209
137228
137241
137255
137261
137266
137282
137307
137310
137337
137338
137366
137374
137394
137403
137409
137429
137448
137456
137474
137494
137500
137522
137519
137542
137556
137567
137574
137598
137606
137619
137641
137644
137668
137683
137691
137717
137714
137731
137743
137771
137779
137792
137812
137828
137844
137853
137859
137874
137898
137906
137910
137931
137948
137961
137984
137988
138009
138017
138031
138051
138065
138079
138078
138101
138110
138129
138146
138165
138175
138190
138192
138208
138230
138250
138247
138277
138284
138305
138314
138317
138339
138345
138372
138382
138403
138401
138416
138434
138456
138458
138478
138502
138508
138527
138543
138556
138558
138572
138596
138612
138614
138634
138651
138666
138683
138684
138694
138722
138726
138736
138767
138769
138781
138793
138809
138822
138839
138854
138868
138894
138902
138908
138926
138948
138961
138971
138990
138997
139016
139019
139047
139057
139072
139084
139096
139113
139132
139138
139148
139158
139170
139199
139214
139222
139235
139257
139267
139272
139295
139296
139322
139335
139343
139359
139367
139389
139405
139411
139439
139439
139467
139482
139495
139498
139520
139531
139549
139557
139575
139588
139605
139615
139623
139639
139656
139667
139679
139704
139711
139724
139741
139750
139765
139786
139786
139800
139820
139829
139857
139863
139879
139895
139907
139923
139944
139956
139965
139984
139998
140006
140020
140037
140054
140067
140081
140092
140110
140113
140136
140136
140163
140174
140195
140198
140217
140234
140235
140255
140276
140276
140298
140322
140324
140348
140361
140376
140387
140398
140411
140424
140439
140462
140467
140478
140491
140508
140525
140532
140559
140572
140579
140599
140602
140621
140632
140648
140664
140676
140686
140704
140723
140737
140743
140766
140778
140781
140796
140808
140825
140848
140861
140878
140879
140892
140921
140932
140939
140957
140970
140990
141006
141013
141024
141039
141046
141064
141080
141090
141111
141129
141130
141153
141176
141186
141202
141217
141231
141234
141251
141260
141283
141291
141310
141321
141334
141350
141355
141371
141386
141406
141425
141442
141447
141469
141473
141490
141510
141509
141539
141539
141568
141574
141590
141592
141610
141626
141648
141649
141680
141685
141696
141716
141718
141738
141759
141769
141783
141792
141805
141821
141847
141848
141863
141881
141898
141917
141927
141937
141956
141960
141973
142000
142008
142020
142042
142040
142071
142077
142088
142113
142124
142127
142149
142166
142179
142190
142210
142209
142234
142253
142251
142273
142292
142301
142318
142321
142344
142357
142366
142380
142390
142411
142434
142441
142455
142472
142475
142489
142506
142519
142542
142555
142570
142583
142591
142600
142617
142641
142653
142671
142674
142688
142701
142721
142743
142754
142758
142779
142792
142797
142815
142834
142846
142853
142873
142882
142911
142917
142933
142954
142962
142979
142984
143001
143020
143025
143034
143063
143073
143088
143096
143114
143118
143140
143161
143163
143191
143196
143206
143218
143238
143259
143275
143280
143302
143316
143322
143333
143347
143369
143388
143390
143414
143429
143442
143456
143464
143486
143499
143500
143527
143541
143552
143564
143573
143585
143605
143608
143627
143652
143652
143673
143686
143698
143718
143736
143739
143763
143770
143783
143799
143820
143833
143834
143848
143864
143881
143897
143902
143931
143934
143945
143969
143984
143990
144018
144029
144039
144057
144072
144084
144090
144105
144119
144143
144144
144167
144183
144191
144207
144228
144229
144251
144261
144269
144282
144305
144317
144336
144338
144364
144373
144387
144392
144423
144438
144435
144462
144470
144490
144504
144512
144531
144540
144555
144561
144587
144589
144618
144617
144637
144660
144665
144679
144695
144706
144721
144735
144748
144763
144774
144796
144806
144828
144826
144849
144859
144880
144893
144902
144911
144941
144939
144960
144983
144997
144996
145023
145028
145046
145051
145081
145087
145097
145114
145123
145151
145159
145162
145186
145208
145217
145228
145250
145258
145268
145280
145290
145309
145333
145339
145348
145362
145388
145392
145411
145424
145440
145459
145456
145485
145489
145504
145515
145531
145546
145558
145583
145591
145600
145613
145633
145639
145663
145674
145681
145710
145717
145737
145754
145754
145766
145781
145804
145824
145825
145843
145864
145868
145889
145903
145910
145918
145940
145958
145962
145976
145993
146011
146021
146047
146062
146073
146073
146100
146102
146132
146139
146144
146170
146186
146190
146198
146221
146244
146248
146269
146284
146285
146298
146328
146337
146353
146353
146374
146381
146395
146411
146436
146452
146454
146470
146488
146509
146508
146534
146545
146566
146563
146591
146602
146612
146626
146649
146662
146671
146674
146703
146718
146727
146740
146750
146767
146785
146796
146811
146817
146832
146855
146871
146885
146887
146913
146912
146941
146949
146959
146980
146982
147011
147012
147028
147053
147056
147075
147094
147102
147112
147127
147148
147158
147171
147195
147200
147210
147222
147251
147257
147262
147285
147299
147313
147319
147342
147357
147360
147376
147397
147410
147421
147440
147451
147467
147473
147497
147512
147520
147543
147553
147557
147575
147595
147606
147624
147639
147640
147659
147684
147683
147713
147715
147729
147747
147764
147776
147780
147804
147820
147826
147838
147866
147866
147891
147910
147914
147925
147945
147966
147972
147992
148007
148015
148027
148035
148049
148060
148089
148105
148115
148121
148148
148158
148173
148187
148187
148207
148225
148238
148245
148267
148272
148293
148310
148316
148335
148355
148354
148371
148400
148410
148427
148434
148455
148467
148478
148490
148500
148524
148534
148552
148562
148581
148588
148601
148607
148634
148650
148657
148671
148681
148694
148705
148721
148750
148755
148761
148790
148805
148813
148828
148846
148852
148863
148886
148895
148911
148928
148928
148958
148960
148978
148998
149006
149012
149040
149057
149060
149074
149095
149099
149119
149130
149147
149159
149179
149198
149206
149211
149230
149245
149261
149269
149288
149307
149323
149330
149347
149364
149371
149391
149399
149409
149422
149441
149455
149475
149484
149494
149519
149524
149545
149546
149567
149590
149586
149603
149619
149633
149645
149672
149673
149688
149713
