0
394379
-394378
10
-10
10
-10
36
-36
36
-36
10
-10
36
-36
10
-10
11
-11
35
-35
24
-24
23
-23
23
-23
16
-16
28
-28
11
-11
10
-10
36
-36
10
-10
11
-11
10
-10
23
-23
24
-24
23
-23
10
-10
11
-11
11
-11
23
-23
10
-10
11
-11
15
-15
4
-4
11
-11
10
-10
11
-11
23
-23
10
-10
10
-10
24
-24
23
-23
10
-10
23
-23
11
-11
10
-10
11
-11
10
-10
36
-36
11
-11
10
-10
16
-16
28
-28
11
-11
35
-35
23
-23
11
-11
11
-11
23
-23
10
-10
11
-11
10
-10
11
-11
10
-10
0
22
-22
11
-11
11
-11
10
-10
28
-28
16
-16
11
-11
60
-60
23
-23
11
-11
23
-23
10
-10
11
-11
11
-11
11
-11
10
-10
36
-36
23
-23
27
-27
17
-17
11
-11
11
-11
10
-10
36
-36
10
-10
23
-23
11
-11
10
-10
23
-23
11
-11
23
-23
11
-11
10
-10
23
-23
11
-11
10
-10
34
-34
10
-10
0
10
-10
10
-10
10
-10
11
-11
10
-10
11
-11
11
-11
23
-23
10
-10
11
-11
10
-10
23
-23
11
-11
10
-10
49
-49
10
-10
22
-22
23
-23
10
-10
11
-11
11
-11
10
-10
11
-11
23
-23
48
-48
11
-11
10
-10
11
-11
10
-10
11
-11
10
-10
11
-11
10
-10
9
-9
46
-46
11
-11
22
-22
23
-23
11
-11
11
-11
10
-10
23
-23
11
-11
10
-10
10
-10
11
-11
11
-11
10
-10
23
-23
11
-11
11
-11
10
-10
26
-26
19
-19
10
-10
11
-11
10
-10
23
-23
23
-23
11
-11
35
-35
11
-11
23
-23
10
-10
24
-24
10
-10
10
-10
11
-11
11
-11
10
-10
12
-12
33
-33
10
-10
11
-11
10
-10
11
-11
10
-10
11
-11
23
-23
11
-11
10
-10
11
-11
10
-10
11
-11
10
-10
11
-11
10
-10
10
-10
11
-11
11
-11
10
-10
11
-11
12
-12
7
-7
11
-11
10
-10
36
-36
35
-35
24
-24
23
-23
23
-23
10
-10
23
-23
11
-11
23
-23
23
-23
24
-24
8
-8
24
-24
10
-10
11
-11
10
-10
23
-23
23
-23
11
-11
11
-11
36
-36
10
-10
10
-10
11
-11
11
-11
10
-10
11
-11
11
-11
10
-10
11
-11
9
-9
23
-23
11
-11
10
-10
10
-10
11
-11
11
-11
23
-23
11
-11
10
-10
11
-11
10
-10
11
-11
10
-10
11
-11
11
-11
10
-10
11
-11
11
-11
10
-10
11
-11
10
-10
10
-10
8
-8
12
-12
23
-23
10
-10
10
-9
9
-10
23
-23
11
-11
10
-10
10
-10
23
-23
0
10
-10
11
-11
10
-10
11
-11
10
-10
11
-11
22
-22
11
-11
11
-11
11
-11
0
0
19
-19
23
-23
10
-10
11
-11
10
-10
23
-23
23
-23
24
-24
10
-10
23
-23
10
-10
11
-11
11
-11
23
-23
23
-23
32
-32
25
-25
10
-10
11
-11
11
-11
23
-23
10
-10
24
-24
10
-10
10
-10
11
-11
23
-23
11
-11
10
-10
11
-11
10
-10
11
-11
23
-23
32
-32
25
-25
10
-10
11
-11
10
-10
11
-11
48
-48
10
-10
11
-11
10
-10
11
-11
10
-10
11
-11
48
-48
11
-11
10
-10
47
-47
10
-10
10
-10
11
-11
11
-11
48
-48
10
-10
48
-48
23
-23
35
-35
23
-23
24
-24
19
-19
0
0
10
-10
23
-23
24
-24
35
-35
10
-10
23
-23
24
-24
10
-10
23
-23
23
-23
11
-11
10
-10
11
-11
23
-23
0
18
-18
12
-12
24
-24
10
-10
11
-11
11
-11
10
-10
48
-48
48
-48
23
-23
11
-11
11
-11
10
-10
23
-23
11
-11
18
-18
14
-14
10
-10
23
-23
10
-10
11
-11
11
-11
10
-10
10
-10
11
-11
36
-36
10
-10
24
-24
10
-10
11
-11
10
-10
11
-11
11
-11
10
-10
10
-10
18
-18
14
-14
10
-10
11
-11
23
-23
48
-48
11
-11
10
-10
10
-10
11
-11
11
-11
23
-23
23
-23
11
-11
48
-48
21
-21
10
-10
23
-23
24
-24
23
-23
10
-10
35
-35
23
-23
61
-61
11
-11
10
-10
36
-36
34
-34
10
-10
11
-11
10
-10
23
-23
11
-11
10
-10
11
-11
23
-23
10
-10
11
-11
10
-10
11
-11
10
-10
11
-11
11
-11
10
-10
11
-11
55
-55
14
-14
11
-11
23
-23
10
-10
11
-11
11
-11
10
-10
10
-10
11
-11
10
-10
36
-36
10
-10
11
-11
10
-10
11
-11
11
-11
10
-10
24
-24
10
-10
17
-17
15
-15
10
-10
11
-11
11
-11
10
-10
11
-11
23
-23
11
-11
23
-23
23
-23
10
-10
23
-23
23
-23
23
-23
36
-36
16
-16
4
-4
10
-10
23
-23
23
-23
11
-11
11
-11
10
-10
36
-36
10
-10
11
-11
23
-23
23
-23
10
-10
11
-11
11
-11
22
-22
0
27
-27
4
-4
23
-23
0
22
-22
11
-11
11
-11
10
-10
11
-11
10
-10
11
-11
10
-10
11
-11
23
-23
11
-11
10
-10
10
-10
11
-11
10
-10
11
-11
10
-10
11
-11
11
-11
14
-14
17
-16
9
-10
10
-10
11
-11
23
-23
10
-10
11
-11
10
-10
11
-11
23
-23
11
-11
22
-22
11
-11
11
-11
10
-10
11
-11
10
-10
0
10
-10
10
-10
11
-11
14
-14
5
-5
23
-23
10
-10
11
-11
11
-11
23
-23
10
-10
10
-10
11
-11
10
-10
11
-11
23
-23
23
-23
10
-10
36
-36
10
-10
11
-11
27
-27
17
-17
11
-11
11
-11
10
-10
23
-23
11
-11
10
-10
10
-10
23
-23
24
-24
23
-23
10
-10
11
-11
23
-23
23
-23
11
-11
10
-10
14
-14
18
-18
23
-23
35
-35
24
-24
23
-23
10
-10
10
-10
24
-24
10
-10
10
-10
11
-11
11
-11
10
-10
23
-23
11
-11
10
-10
15
-15
17
-17
11
-11
10
-10
11
-11
10
-10
11
-11
10
-10
11
-11
10
-10
11
-11
10
-10
11
-11
10
-10
23
-23
11
-11
10
-10
11
-11
10
-10
23
-23
11
-11
10
-10
15
-15
29
-29
11
-11
11
-11
10
-10
11
-11
10
-10
11
-11
10
-10
11
-11
11
-11
10
-10
23
-23
11
-11
11
-11
10
-10
10
-10
23
-23
11
-11
11
-11
33
-33
24
-24
35
-35
24
-24
47
-47
11
-11
11
-11
23
-23
35
-35
11
-11
10
-10
24
-24
25
-25
32
-32
23
-23
10
-10
23
-23
10
-10
24
-24
23
-23
10
-10
11
-11
36
-36
10
-10
23
-23
11
-11
0
9
-9
11
-11
13
-13
6
-6
11
-11
10
-10
11
-11
10
-10
11
-11
10
-10
11
-11
11
-11
10
-10
11
-11
10
-10
10
-10
11
-11
10
-10
11
-11
10
-10
11
-11
10
-10
11
-11
10
-10
0
10
-10
37
-37
8
-8
22
-22
24
-24
35
-35
23
-23
24
-24
10
-10
23
-23
48
-48
11
-11
10
-10
24
-24
10
-10
11
-11
8
-8
48
-48
11
-11
23
-23
35
-35
0
23
-23
23
-23
10
-10
23
-23
23
-23
10
-10
24
-24
10
-10
12
-12
8
-8
23
-23
11
-11
10
-10
11
-11
23
-23
10
-10
11
-11
35
-35
11
-11
10
-10
11
-11
11
-11
10
-10
10
-10
11
-11
23
-23
11
-11
10
-10
11
-11
8
-8
0
22
-22
23
-23
36
-36
23
-23
35
-35
36
-36
10
-10
11
-11
10
-10
11
-11
11
-11
35
-35
11
-11
34
-34
10
-10
11
-11
10
-10
11
-11
10
-10
23
-23
11
-11
60
-60
11
-11
36
-36
47
-47
34
-34
11
-11
10
-10
23
-23
24
-24
23
-23
10
-10
24
-24
23
-23
10
-10
11
-11
23
-23
10
-10
23
-23
23
-23
47
-47
23
-23
11
-11
35
-35
11
-11
10
-10
11
-11
11
-11
10
-10
23
-23
11
-11
11
-11
35
-35
23
-23
59
-59
11
-11
22
-22
11
-11
10
-10
11
-11
36
-36
10
-10
11
-11
23
-23
23
-23
35
-35
84
-84
61
-61
35
-35
11
-11
23
-23
23
-23
23
-23
23
-23
35
-35
0
21
-21
11
-11
22
-22
24
-24
10
-10
11
-11
11
-11
10
-10
11
-11
23
-23
10
-10
11
-11
10
-10
23
-23
11
-11
10
-10
11
-11
23
-23
33
-33
11
-11
11
-11
23
-23
23
-23
11
-11
23
-23
10
-10
23
-23
11
-11
48
-48
23
-23
23
-23
10
-10
11
-11
11
-11
8
-8
11
-11
11
-11
10
-10
11
-11
10
-10
11
-11
10
-10
11
-11
10
-10
11
-11
23
-23
23
-23
10
-10
11
-11
11
-11
10
-10
11
-11
10
-10
11
-11
22
-22
34
-34
23
-23
36
-36
11
-11
10
-10
11
-11
48
-48
10
-10
23
-23
23
-23
11
-11
11
-11
11
-11
22
-22
13
-13
5
-5
25
-25
23
-23
11
-11
23
-23
23
-23
23
-23
36
-36
22
-22
11
-11
11
-11
48
-48
31
-31
13
-13
10
-10
24
-24
11
-11
10
-10
10
-10
24
-24
23
-23
23
-23
10
-10
11
-11
10
-10
11
-11
10
-10
11
-11
11
-11
10
-10
24
-24
17
-17
2
-2
10
-10
11
-11
10
-10
11
-11
10
-10
11
-11
10
-10
11
-11
10
-10
24
-24
10
-10
23
-23
23
-23
24
-24
10
-10
11
-11
10
-10
23
-23
17
-17
15
-15
11
-11
10
-10
10
-10
24
-24
23
-23
10
-10
24
-24
23
-23
10
-10
11
-11
10
-10
23
-23
11
-11
23
-23
11
-11
10
-10
47
-47
10
-10
36
-36
10
-10
11
-11
23
-23
36
-36
23
-23
10
-10
86
-86
16
-16
53
-53
11
-11
23
-23
10
-10
0
10
-10
10
-10
36
-36
10
-10
23
-23
10
-10
11
-11
23
-23
11
-11
10
-10
29
-29
3
-3
10
-10
11
-11
36
-36
23
-23
22
-22
11
-11
23
-23
11
-11
35
-35
10
-10
11
-11
23
-23
55
-55
2
-2
24
-24
10
-10
11
-11
35
-35
23
-23
11
-11
11
-11
36
-36
48
-48
23
-23
53
-53
54
-54
36
-36
35
-35
49
-49
60
-60
11
-11
10
-10
40
-40
17
-17
11
-11
60
-60
48
-48
35
-35
36
-36
90
-90
30
-30
11
-11
110
-110
123
-123
110
-110
123
-123
86
-86
146
-146
285
-285
222
-222
197
-197
547
-547
11
-11
10
-10
449
-449
7
-7
11
-11
447
-447
409
-409
22
-22
25
-25
7
-7
10
-10
17027
-17027
10
-10
10
-10
36
-36
36
-36
10
-10
11
-11
35
-35
11
-11
35
-35
24
-24
23
-23
23
-23
16
-16
28
-28
11
-11
10
-10
48
-48
23
-23
24
-24
23
-23
23
-23
10
-10
11
-11
11
-11
23
-23
11
-11
10
-10
15
-15
4
-4
11
-11
10
-10
11
-11
23
-23
10
-10
10
-10
36
-36
11
-11
10
-10
23
-23
11
-11
10
-10
11
-11
35
-35
11
-11
23
-23
16
-16
16
-16
10
-10
11
-11
23
-23
10
-10
11
-11
23
-23
36
-36
10
-10
11
-11
10
-10
11
-11
10
-10
0
23
-23
10
-10
11
-11
40
-40
16
-16
11
-11
10
-10
48
-48
11
-11
10
-10
11
-11
23
-23
10
-10
11
-11
11
-11
11
-11
10
-10
36
-36
23
-23
27
-27
18
-18
10
-10
11
-11
10
-10
36
-36
10
-10
23
-23
11
-11
10
-10
23
-23
11
-11
23
-23
11
-11
48
-48
10
-10
34
-34
10
-10
0
10
-10
10
-10
10
-10
11
-11
0
9
-9
11
-11
11
-11
10
-10
11
-11
10
-10
11
-11
10
-10
24
-24
10
-10
10
-10
36
-36
11
-11
10
-10
14
-14
31
-31
10
-10
11
-11
11
-11
10
-10
36
-36
23
-23
23
-23
11
-11
6
-6
5
-5
4
-4
4
-4
10
-10
11
-11
10
-10
10
-10
25
-25
19
-19
11
-11
22
-22
24
-24
10
-10
11
-11
10
-10
23
-23
23
-23
11
-11
10
-10
11
-11
11
-11
22
-22
11
-11
11
-11
10
-10
26
-26
19
-19
10
-10
11
-11
10
-10
23
-23
10
-10
11
-11
11
-11
23
-23
11
-11
35
-35
10
-10
24
-24
10
-10
11
-11
10
-10
11
-11
10
-10
12
-12
33
-33
10
-10
11
-11
10
-10
11
-11
23
-23
10
-10
11
-11
11
-11
10
-10
11
-11
10
-10
11
-11
10
-10
11
-11
10
-10
10
-10
11
-11
11
-11
10
-10
11
-11
12
-12
7
-7
10
-9
9
-10
23
-23
11
-11
10
-10
23
-23
24
-24
23
-23
23
-23
10
-10
23
-23
11
-11
23
-23
23
-23
24
-24
8
-8
24
-24
10
-10
11
-11
11
-11
22
-22
23
-23
11
-11
11
-11
10
-10
24
-24
10
-10
10
-10
11
-11
11
-11
11
-11
10
-10
11
-11
10
-10
11
-11
9
-9
23
-23
11
-11
10
-10
10
-10
11
-11
11
-11
23
-23
11
-11
10
-10
11
-11
11
-11
10
-10
11
-11
10
-10
11
-11
10
-10
11
-11
11
-11
10
-10
11
-11
10
-10
10
-10
8
-8
12
-12
10
-10
11
-11
23
-23
10
-10
23
-23
11
-11
10
-10
11
-11
22
-22
0
10
-10
11
-11
23
-23
11
-11
10
-10
22
-22
11
-11
11
-11
11
-11
0
0
7
-7
10
-10
23
-23
10
-10
11
-11
11
-11
22
-22
23
-23
11
-11
11
-11
10
-10
23
-23
10
-10
11
-11
11
-11
23
-23
84
-84
10
-10
11
-11
11
-11
23
-23
10
-10
24
-24
10
-10
23
-23
23
-23
11
-11
11
-11
10
-10
11
-11
10
-10
23
-23
32
-32
25
-25
10
-10
11
-11
23
-23
35
-35
11
-11
23
-23
10
-10
11
-11
10
-10
11
-11
48
-48
12
-12
9
-9
11
-11
34
-34
10
-10
10
-10
11
-11
11
-11
23
-23
10
-10
11
-11
10
-10
23
-23
23
-23
23
-23
11
-11
22
-22
24
-24
23
-23
19
-19
0
0
35
-35
11
-11
11
-11
35
-35
10
-10
23
-23
11
-11
11
-11
35
-35
23
-23
11
-11
10
-10
11
-11
23
-23
0
18
-18
38
-38
11
-11
10
-10
11
-11
10
-10
48
-48
49
-49
22
-22
11
-11
11
-11
10
-10
23
-23
11
-11
18
-18
14
-14
10
-10
11
-11
10
-10
10
-10
24
-24
10
-10
10
-10
11
-11
11
-11
10
-10
11
-10
9
-10
10
-10
36
-36
10
-10
11
-11
11
-11
10
-10
10
-10
18
-18
14
-14
48
-48
61
-61
10
-10
10
-10
11
-11
11
-11
23
-23
23
-23
11
-11
10
-10
11
-11
23
-23
21
-21
11
-11
22
-22
11
-11
11
-11
10
-10
11
-11
10
-10
11
-11
22
-22
24
-24
10
-10
48
-48
11
-11
11
-11
35
-35
34
-34
10
-10
11
-11
35
-35
11
-11
10
-10
11
-11
23
-23
10
-10
23
-23
11
-11
10
-10
11
-11
11
-11
10
-10
11
-11
10
-10
11
-11
10
-10
47
-47
10
-10
11
-11
11
-11
10
-10
11
-11
22
-22
11
-11
10
-10
11
-11
10
-10
11
-11
10
-10
11
-11
11
-11
10
-10
24
-24
10
-10
23
-23
17
-17
15
-15
23
-23
11
-11
10
-10
11
-11
36
-36
35
-35
11
-11
35
-35
23
-23
23
-23
11
-11
23
-23
16
-16
4
-4
10
-10
23
-23
23
-23
24
-24
10
-10
36
-36
10
-10
11
-11
23
-23
23
-23
10
-10
11
-11
11
-11
22
-22
0
27
-27
5
-5
22
-22
0
22
-22
11
-11
11
-11
10
-10
11
-11
10
-10
11
-11
10
-10
11
-11
23
-23
11
-11
10
-10
11
-11
10
-10
11
-11
10
-10
10
-10
11
-11
11
-11
14
-14
17
-17
0
10
-10
10
-10
11
-11
11
-11
10
-10
10
-10
11
-11
11
-11
10
-10
23
-23
11
-11
10
-10
10
-10
11
-11
11
-11
10
-10
11
-11
10
-10
0
10
-10
10
-10
11
-11
14
-14
43
-43
10
-10
36
-36
10
-10
10
-10
11
-11
10
-10
11
-11
23
-23
23
-23
10
-10
36
-36
11
-11
10
-10
27
-27
18
-18
10
-10
11
-11
10
-10
23
-23
11
-11
10
-10
10
-10
24
-24
23
-23
23
-23
10
-10
11
-11
23
-23
23
-23
11
-11
10
-10
14
-14
18
-18
11
-11
10
-10
11
-11
23
-23
48
-48
10
-10
10
-10
24
-24
10
-10
10
-10
11
-11
11
-11
10
-10
23
-23
11
-11
10
-10
15
-15
17
-17
23
-23
11
-11
10
-10
11
-11
10
-10
11
-11
11
-11
10
-10
10
-10
11
-11
10
-10
24
-24
10
-10
11
-11
10
-10
10
-10
23
-23
11
-11
10
-10
15
-15
29
-29
11
-11
11
-11
10
-10
11
-11
10
-10
11
-11
10
-10
11
-11
11
-11
10
-10
23
-23
11
-11
11
-11
10
-10
10
-10
23
-23
11
-11
11
-11
33
-33
24
-24
61
-61
22
-22
11
-11
10
-10
11
-11
11
-11
23
-23
35
-35
11
-11
10
-10
24
-24
25
-25
19
-19
11
-11
60
-60
48
-48
23
-23
0
10
-10
36
-36
10
-10
10
-10
11
-11
12
-12
9
-9
11
-11
13
-13
19
-19
23
-23
23
-23
10
-10
11
-11
23
-23
11
-11
10
-10
10
-10
11
-11
10
-10
11
-11
10
-10
11
-11
10
-10
11
-11
11
-11
10
-10
23
-23
12
-12
8
-8
23
-23
23
-23
11
-11
23
-23
22
-22
11
-11
11
-11
10
-10
23
-23
36
-36
23
-23
10
-10
24
-24
10
-10
11
-11
8
-8
23
-23
23
-23
11
-11
23
-23
35
-35
0
23
-23
60
-60
10
-10
11
-11
36
-36
11
-11
11
-11
8
-8
10
-10
11
-11
11
-11
10
-10
11
-11
10
-10
11
-11
10
-10
11
-11
23
-23
10
-10
23
-23
11
-11
11
-11
10
-10
10
-10
36
-36
11
-11
10
-10
21
-21
0
22
-22
24
-24
22
-22
24
-24
10
-10
35
-35
36
-36
11
-11
10
-10
11
-11
10
-10
11
-11
35
-35
11
-11
34
-34
10
-10
11
-11
23
-23
10
-10
23
-23
23
-23
0
35
-35
23
-23
36
-36
48
-48
33
-33
11
-11
10
-10
24
-24
11
-11
35
-35
10
-10
49
-49
10
-10
11
-11
23
-23
10
-10
24
-24
35
-35
22
-22
23
-23
11
-11
10
-10
35
-35
11
-11
11
-11
10
-10
23
-23
11
-11
10
-10
11
-11
36
-36
10
-10
11
-11
23
-23
21
-21
23
-23
11
-11
22
-22
11
-11
10
-10
11
-11
61
-61
10
-10
36
-36
35
-35
84
-84
11
-11
10
-10
36
-36
35
-35
11
-11
10
-10
11
-11
23
-23
23
-23
23
-23
11
-11
22
-22
0
21
-21
11
-11
22
-22
24
-24
10
-10
11
-11
11
-11
10
-10
23
-23
11
-11
10
-10
11
-11
10
-10
24
-24
10
-10
10
-10
36
-36
33
-33
37
-37
23
-23
10
-10
11
-11
10
-10
23
-23
23
-23
11
-11
10
-10
61
-61
23
-23
0
9
-9
11
-11
21
-21
11
-11
11
-11
10
-10
11
-11
10
-10
11
-11
10
-10
11
-11
10
-10
11
-11
23
-23
10
-10
11
-11
11
-11
10
-10
11
-11
23
-23
10
-10
11
-11
23
-23
33
-33
23
-23
36
-36
36
-36
48
-48
10
-10
24
-24
22
-22
11
-11
11
-11
11
-11
22
-22
13
-13
5
-5
25
-25
0
35
-35
23
-23
23
-23
23
-23
36
-36
23
-23
10
-10
11
-11
10
-10
36
-36
31
-31
13
-13
11
-11
23
-23
10
-10
0
10
-10
11
-11
23
-23
10
-10
11
-11
23
-23
10
-10
11
-11
10
-10
23
-23
11
-11
11
-11
10
-10
11
-11
11
-11
17
-17
2
-2
10
-10
11
-11
10
-10
11
-11
10
-10
11
-11
10
-10
11
-11
10
-10
36
-36
23
-23
23
-23
24
-24
10
-10
11
-11
10
-10
42
-42
28
-28
10
-10
10
-10
24
-24
23
-23
10
-10
24
-24
23
-23
10
-10
48
-48
0
10
-10
23
-23
11
-11
10
-10
47
-47
10
-10
11
-11
23
-23
10
-10
11
-11
11
-11
10
-10
36
-36
23
-23
11
-11
10
-10
48
-48
23
-23
16
-16
16
-16
10
-10
23
-23
11
-11
10
-10
11
-11
23
-23
11
-11
10
-10
23
-23
10
-10
23
-23
10
-10
37
-37
10
-10
41
-41
3
-3
10
-10
11
-11
23
-23
36
-36
10
-10
11
-11
35
-35
48
-48
10
-10
11
-11
23
-23
55
-55
28
-28
10
-10
11
-11
36
-36
22
-22
11
-11
11
-11
10
-10
23
-22
34
-35
36
-36
53
-53
54
-54
23
-23
49
-49
48
-48
60
-60
65
-65
17
-17
11
-11
60
-60
48
-48
35
-35
49
-49
77
-77
155
-155
86
-86
147
-147
111
-111
98
-98
134
-134
271
-271
11
-11
10
-10
11
-11
10
-10
210
-210
186
-186
546
-546
11
-11
10
-10
48
-48
10
-10
396
-396
11
-11
23
-23
396
-396
555
-555
16979
-16979
10
-10
10
-10
61
-61
36
-36
23
-23
23
-23
10
-10
24
-24
23
-23
23
-23
10
-10
29
-29
16
-16
10
-10
23
-23
11
-11
23
-23
11
-11
48
-48
23
-23
23
-23
10
-10
11
-11
11
-11
10
-10
11
-11
11
-11
10
-10
16
-16
3
-3
11
-11
10
-10
11
-11
35
-35
48
-48
0
10
-10
10
-10
11
-11
11
-11
10
-10
11
-11
10
-10
10
-10
11
-11
11
-11
10
-10
23
-23
16
-16
29
-29
10
-10
11
-11
10
-10
10
-10
11
-11
11
-11
10
-10
11
-11
23
-23
10
-10
11
-11
10
-10
11
-11
11
-11
35
-35
11
-11
10
-10
28
-28
29
-29
10
-10
48
-48
11
-11
10
-10
36
-36
0
22
-22
11
-11
11
-11
10
-10
36
-36
23
-23
11
-11
14
-14
5
-5
23
-23
11
-11
10
-10
36
-36
11
-11
10
-10
10
-10
11
-11
10
-10
23
-23
24
-24
23
-23
10
-10
11
-11
10
-10
23
-23
14
-14
30
-30
0
10
-10
10
-10
11
-11
11
-11
10
-10
10
-10
23
-23
11
-11
10
-10
11
-11
11
-11
10
-10
11
-11
10
-10
35
-35
24
-24
10
-10
14
-14
18
-18
0
10
-10
10
-10
11
-11
10
-10
0
10
-10
11
-11
61
-61
10
-10
11
-11
10
-10
11
-11
11
-11
10
-10
10
-10
11
-11
10
-10
38
-38
19
-19
11
-11
22
-22
0
23
-23
10
-10
11
-11
10
-10
23
-23
36
-36
10
-10
11
-11
11
-11
23
-23
23
-23
10
-10
26
-26
19
-19
10
-10
11
-11
10
-10
23
-23
11
-11
10
-10
11
-11
23
-23
11
-11
23
-23
10
-10
36
-36
0
9
-9
11
-11
10
-10
11
-11
0
9
-9
13
-13
7
-7
10
-10
11
-11
11
-11
10
-10
10
-10
11
-11
10
-10
11
-11
10
-10
11
-11
11
-11
10
-10
11
-11
10
-10
11
-11
10
-10
11
-11
10
-10
11
-11
10
-10
11
-11
10
-10
11
-11
12
-12
7
-7
11
-11
10
-10
10
-10
24
-24
10
-10
11
-11
23
-23
11
-11
60
-60
23
-23
11
-11
23
-23
23
-23
11
-11
11
-11
8
-8
24
-24
10
-10
11
-11
11
-11
22
-22
23
-23
11
-11
11
-11
36
-36
11
-11
10
-10
11
-11
23
-23
11
-11
10
-10
11
-11
21
-21
23
-23
11
-11
10
-10
10
-10
11
-11
11
-11
23
-23
11
-11
11
-11
10
-10
11
-11
10
-10
23
-23
11
-11
23
-23
11
-11
10
-10
23
-23
11
-11
7
-7
12
-12
10
-10
23
-23
23
-23
11
-11
10
-10
11
-11
10
-10
11
-11
10
-10
11
-11
10
-10
11
-11
11
-11
10
-10
11
-11
10
-10
23
-23
10
-10
11
-11
11
-11
0
0
7
-7
10
-10
23
-23
10
-10
11
-11
11
-11
22
-22
24
-24
23
-23
10
-10
23
-23
11
-11
10
-10
11
-11
23
-23
23
-23
25
-25
5
-5
25
-25
11
-11
10
-10
36
-36
10
-10
24
-24
10
-10
11
-11
10
-10
23
-23
11
-11
11
-11
10
-10
11
-11
10
-10
24
-24
31
-31
25
-25
10
-10
11
-11
23
-23
10
-10
11
-11
36
-36
10
-10
10
-10
23
-23
11
-11
10
-10
24
-24
48
-48
19
-19
13
-13
10
-10
11
-11
11
-11
10
-10
48
-48
10
-10
11
-11
10
-10
10
-10
36
-36
11
-11
23
-23
23
-23
23
-23
19
-19
0
0
10
-10
23
-23
11
-11
0
22
-22
23
-23
11
-11
23
-23
10
-10
11
-11
35
-35
23
-23
11
-11
11
-11
10
-10
23
-23
19
-19
13
-13
23
-23
11
-11
10
-10
11
-11
11
-11
10
-10
23
-23
10
-10
11
-11
11
-11
23
-23
10
-10
10
-10
12
-12
10
-10
10
-10
23
-23
11
-11
18
-18
14
-14
10
-10
23
-23
11
-11
23
-23
10
-10
23
-23
11
-11
23
-23
0
10
-10
23
-23
10
-10
11
-11
10
-10
11
-11
11
-11
10
-10
10
-10
18
-18
14
-14
11
-11
10
-10
11
-11
10
-10
11
-11
23
-23
23
-23
10
-10
10
-10
11
-11
11
-11
23
-23
23
-23
11
-11
11
-11
10
-10
23
-23
21
-21
11
-11
22
-22
11
-11
48
-48
35
-35
24
-24
10
-10
48
-48
11
-11
11
-11
10
-10
11
-11
10
-10
34
-34
23
-23
10
-10
23
-23
11
-11
10
-10
11
-11
60
-60
11
-11
10
-10
24
-24
10
-10
36
-36
10
-10
47
-47
11
-11
35
-35
23
-23
11
-11
10
-10
23
-23
10
-10
11
-11
10
-10
11
-11
11
-11
23
-23
11
-11
10
-10
11
-11
10
-10
17
-17
53
-53
10
-10
11
-11
11
-11
10
-10
11
-11
23
-23
23
-23
10
-10
23
-23
23
-23
11
-11
10
-10
11
-11
23
-23
16
-16
4
-4
35
-35
36
-36
11
-11
35
-35
11
-11
11
-11
35
-35
23
-23
10
-10
11
-11
11
-11
23
-23
27
-27
5
-5
23
-23
22
-22
11
-11
11
-11
10
-10
11
-11
10
-10
11
-11
11
-11
10
-10
23
-23
11
-11
10
-10
11
-11
10
-10
11
-11
10
-10
11
-11
10
-10
11
-11
34
-34
10
-10
11
-11
10
-10
36
-36
10
-10
11
-11
23
-23
10
-10
11
-11
10
-10
23
-23
11
-11
10
-10
11
-11
10
-10
0
10
-10
10
-10
11
-11
14
-14
5
-5
10
-10
11
-11
23
-23
36
-36
10
-10
11
-11
23
-23
10
-10
23
-23
11
-11
10
-10
10
-10
24
-24
10
-10
11
-11
10
-10
27
-27
18
-18
10
-10
11
-11
10
-10
23
-23
11
-11
10
-10
11
-11
23
-23
23
-23
23
-23
11
-11
10
-10
23
-23
36
-36
27
-27
17
-17
23
-23
11
-11
23
-23
23
-23
23
-23
10
-10
36
-36
10
-10
11
-11
10
-10
11
-11
10
-10
23
-23
11
-11
11
-11
14
-14
17
-17
24
-24
10
-10
11
-11
10
-10
10
-10
11
-11
11
-11
10
-10
10
-10
11
-11
11
-11
23
-23
10
-10
11
-11
10
-10
10
-10
24
-24
10
-10
11
-11
14
-14
5
-5
22
-22
11
-11
11
-11
10
-10
11
-11
10
-10
11
-11
10
-10
11
-11
11
-11
10
-10
24
-24
10
-10
11
-11
10
-10
11
-11
22
-22
11
-11
11
-11
34
-34
48
-48
36
-36
23
-23
22
-22
11
-11
11
-11
23
-23
35
-35
11
-11
10
-10
24
-24
25
-25
32
-32
60
-60
36
-36
23
-23
11
-11
10
-10
11
-11
35
-35
11
-11
10
-10
12
-12
10
-10
10
-10
13
-13
19
-19
23
-23
10
-10
11
-11
10
-10
11
-11
11
-11
10
-10
11
-11
10
-10
10
-10
0
10
-10
10
-10
11
-11
10
-10
11
-11
11
-11
10
-10
11
-11
10
-10
11
-11
11
-11
12
-12
7
-7
23
-23
10
-10
11
-11
11
-11
23
-23
23
-23
10
-10
11
-11
10
-10
23
-23
36
-36
35
-35
36
-36
12
-12
7
-7
48
-48
11
-11
61
-61
23
-23
23
-23
35
-35
24
-24
10
-10
23
-23
11
-11
11
-11
8
-8
23
-23
11
-11
10
-10
11
-11
10
-10
11
-11
10
-10
11
-11
23
-23
11
-11
10
-10
10
-10
11
-11
11
-11
10
-10
10
-10
11
-11
23
-23
23
-23
11
-11
9
-9
10
-10
10
-10
24
-24
10
-10
23
-23
11
-11
10
-10
11
-11
60
-60
11
-11
10
-10
11
-11
10
-10
11
-11
35
-35
11
-11
34
-34
10
-10
11
-11
10
-10
11
-11
10
-10
23
-23
24
-24
10
-10
36
-36
10
-10
36
-36
48
-48
10
-10
22
-22
10
-10
10
-10
24
-24
11
-11
48
-48
48
-48
10
-10
11
-11
10
-10
11
-11
10
-10
24
-24
23
-23
34
-34
10
-10
24
-24
10
-10
35
-35
11
-11
11
-11
10
-10
23
-23
11
-11
23
-23
11
-11
23
-23
11
-11
10
-10
71
-71
11
-11
10
-10
11
-11
10
-10
11
-11
11
-11
23
-23
10
-10
49
-49
60
-60
35
-35
9
-9
10
-10
36
-36
48
-48
10
-10
23
-23
23
-23
36
-36
23
-23
23
-23
11
-11
23
-23
21
-21
11
-11
23
-23
23
-23
24
-24
10
-10
10
-10
11
-11
10
-10
11
-11
10
-10
11
-11
10
-10
24
-24
10
-10
11
-11
35
-35
11
-11
10
-10
8
-8
49
-49
23
-23
11
-11
23
-23
10
-10
36
-36
10
-10
11
-11
23
-23
23
-23
23
-23
0
22
-22
11
-11
8
-8
11
-11
11
-11
10
-10
11
-11
23
-23
10
-10
11
-11
10
-10
11
-11
11
-11
10
-10
10
-10
11
-11
11
-11
10
-10
11
-11
35
-35
0
10
-10
23
-23
10
-10
22
-22
23
-23
10
-10
36
-36
23
-23
48
-48
10
-10
24
-24
23
-23
11
-11
10
-10
11
-11
23
-23
19
-19
26
-26
22
-22
11
-11
23
-23
23
-23
11
-11
10
-10
11
-11
23
-23
23
-23
10
-10
11
-11
10
-10
36
-36
31
-31
13
-13
11
-11
23
-23
11
-11
10
-10
11
-11
23
-23
23
-23
10
-10
11
-11
23
-23
10
-10
11
-11
10
-10
11
-11
11
-11
10
-10
11
-11
11
-11
21
-21
10
-10
23
-23
11
-11
10
-10
11
-11
10
-10
11
-11
10
-10
24
-24
10
-10
23
-23
23
-23
11
-11
11
-11
10
-10
0
10
-10
10
-10
43
-43
27
-27
10
-10
11
-11
61
-61
23
-23
23
-23
11
-11
10
-10
36
-36
10
-10
23
-23
11
-11
10
-10
47
-47
10
-10
11
-11
23
-23
11
-11
10
-10
11
-11
10
-10
36
-36
23
-23
11
-11
10
-10
73
-73
16
-16
16
-16
23
-23
23
-23
36
-36
10
-10
23
-23
11
-11
10
-10
23
-23
10
-10
11
-11
36
-36
10
-10
11
-11
10
-10
16
-16
3
-3
11
-11
10
-10
23
-23
36
-36
10
-10
48
-48
11
-11
10
-10
23
-23
10
-10
24
-24
10
-10
23
-23
30
-30
28
-28
10
-10
11
-11
61
-61
10
-10
11
-11
10
-10
24
-24
10
-10
23
-23
23
-23
66
-66
55
-55
22
-22
36
-36
49
-49
47
-47
90
-90
80
-80
60
-60
23
-23
74
-74
71
-71
110
-110
124
-124
122
-122
123
-123
86
-86
109
-109
185
-185
323
-323
158
-158
235
-235
11
-11
224
-224
24
-24
8
-8
409
-409
23
-23
11
-11
508
-508
496
-496
1277
-1277
3157
